1034.65
0.100617 0.829225
0.845115 0.0232502
0.475968 0.657969
0.0998028 0.0503805
0.630636 0.141775
0.00736433 0.891016
0.442413 0.40892
0.214385 0.327069
0.274477 0.348817
0.325735 0.910364
0.120781 0.718368
0.268004 0.646777
0.725291 0.553431
0.686106 0.332765
0.100308 0.893541
0.0420886 0.422772
0.372923 0.973923
0.330246 0.18349
0.443154 0.787988
0.118173 0.070579
0.926684 0.063388
0.0277897 0.130996
0.828437 0.368178
0.754212 0.304004
0.137341 0.0340379
0.0482497 0.202358
0.972696 0.0958558
0.442743 0.184178
0.0414342 0.292003
0.559519 0.169157
0.508812 0.522807
0.85094 0.533691
0.651173 0.302727
0.60075 0.619284
0.829757 0.998057
0.274781 0.609093
0.115714 0.23901
0.3794 0.729717
0.328088 0.00938327
0.71722 0.490091
0.775469 0.772648
0.308504 0.835338
0.219437 0.880861
0.790412 0.439789
0.907208 0.792654
0.31087 0.357158
0.213386 0.617665
0.925581 0.899417
0.967416 0.518862
0.800062 0.016051
0.73741 0.140797
0.0765523 0.642159
0.254388 0.084541
0.95532 0.902089
0.530956 0.780459
0.497026 0.426878
0.2619 0.0253669
0.160554 0.434114
0.746592 0.429952
0.430664 0.00248239
0.995678 0.321827
0.78743 0.802793
0.937953 0.735679
0.611255 0.685868
0.550645 0.842935
0.492357 0.883273
0.481142 0.622968
0.206724 0.539069
0.157915 0.273346
0.159844 0.530523
0.355073 0.966211
0.867978 0.127097
0.742296 0.313639
0.600823 0.53808
0.604557 0.441614
0.895934 0.532261
0.062303 0.760793
0.519251 0.388469
0.382893 0.279756
0.407007 0.736871
0.509565 0.481375
0.745989 0.156493
0.695359 0.713139
0.677827 0.644271
0.457495 0.348491
0.026042 0.762644
0.593471 0.347804
0.560368 0.61807
0.330405 0.831509
0.33339 0.147418
0.382711 0.47659
0.230939 0.101512
0.0697658 0.429958
0.773948 0.28816
0.554504 0.356344
0.0447785 0.01649
0.555533 0.210037
0.986557 0.760681
0.0673193 0.452583
0.531181 0.979073
0.716159 0.4472
0.37621 0.203103
0.202464 0.668974
0.776849 0.410694
0.469211 0.791745
0.54153 0.948908
0.615206 0.133657
0.613508 0.302011
0.25741 0.89882
0.581201 0.333098
0.922693 0.990563
0.501593 0.624142
0.737399 0.0516674
0.782017 0.460052
0.421148 0.803283
0.858572 0.235219
0.656193 0.886674
0.382993 0.676403
0.845376 0.801788
0.285311 0.796497
0.895785 0.990513
0.156409 0.207448
0.522698 0.931733
0.517911 0.287219
0.155364 0.810306
0.815982 0.162185
0.452622 0.929895
0.62384 0.0889844
0.29525 0.847763
0.479562 0.349846
0.795512 0.413507
0.691655 0.554654
0.189127 0.054775
0.415282 0.956704
0.667745 0.956614
0.931158 0.993064
0.307185 0.201977
0.293002 0.528214
0.00101911 0.721294
0.689425 0.237972
0.825644 0.969729
0.752101 0.315337
0.377465 0.357444
0.128435 0.151786
0.608221 0.331187
0.242571 0.99071
0.354306 0.749154
0.994211 0.383093
0.0144607 0.444346
0.019134 0.115354
0.404387 0.0584687
0.876225 0.146686
0.626712 0.35812
0.566767 0.613188
0.256075 0.449615
0.306801 0.0315264
0.397851 0.675206
0.437915 0.602618
0.0716578 0.0920211
0.926946 0.405318
0.730775 0.055559
0.479898 0.397847
0.928288 0.164702
0.700689 0.0739672
0.0989076 0.573251
0.123323 0.366599
0.41488 0.0904858
0.6942 0.945115
0.605796 0.687871
0.495168 0.154932
0.88207 0.499835
0.458165 0.858387
0.478373 0.848321
0.0572084 0.507869
0.4788 0.900675
0.921413 0.634499
0.801802 0.707618
0.279174 0.607381
0.325593 0.151706
0.545628 0.398679
0.184534 0.468133
0.314622 0.518811
0.179503 0.483485
0.222503 0.105732
0.200719 0.808174
0.340251 0.813646
0.426307 0.13662
0.684562 0.0436667
0.539431 0.977605
0.0588148 0.780612
0.921237 0.376255
0.228218 0.805429
0.570962 0.429431
0.840908 0.902085
0.215324 0.0401809
0.402708 0.553288
0.849043 0.582552
0.288119 0.371344
0.700744 0.645393
0.586675 0.00850194
0.984014 0.965049
0.319981 0.800545
0.63005 0.17715
0.150689 0.672499
0.7722 0.799759
0.898088 0.278505
0.777703 0.234124
0.10684 0.0169214
0.419413 0.118806
0.344153 0.214267
0.094219 0.132093
0.304192 0.103119
0.731578 0.841494
0.519722 0.677486
0.282179 0.267298
0.108573 0.798085
0.261967 0.0464643
0.387599 0.590598
0.237441 0.102004
0.209408 0.611027
0.809409 0.627005
0.082963 0.577327
0.968256 0.657104
0.628505 0.742527
0.176258 0.889914
0.322733 0.518925
0.112816 0.937419
0.880219 0.470695
0.267137 0.171205
0.443426 0.209962
0.42097 0.665804
0.245375 0.217423
0.660567 0.369062
0.55136 0.81081
0.810694 0.522225
0.0451155 0.859692
0.772657 0.139407
0.979824 0.38461
0.555797 0.302486
0.474231 0.148765
0.171126 0.715438
0.822732 0.845173
0.219015 0.890052
0.263087 0.906202
0.447998 0.0520067
0.88182 0.477985
0.148616 0.750468
0.356414 0.485452
0.838508 0.721703
0.197324 0.678418
0.563799 0.60087
0.717577 0.535398
0.205952 0.279816
0.354567 0.884507
0.0426228 0.468901
0.478333 0.497631
0.352736 0.328529
0.624027 0.175801
0.393367 0.419584
0.118515 0.418737
0.886925 0.0241749
0.203577 0.0627278
0.895867 0.240211
0.0639965 0.267848
0.121934 0.298796
0.461698 0.23876
0.275148 0.613015
0.213793 0.402236
0.552064 0.108926
0.708984 0.439513
0.39673 0.491026
0.67321 0.633666
0.0721193 0.795566
0.135284 0.757746
0.647149 0.945016
0.263153 0.223034
0.96185 0.739427
0.790055 0.19269
0.171582 0.101548
0.942398 0.991757
0.686794 0.336955
0.938069 0.140142
0.216504 0.933144
0.995518 0.209322
0.964979 0.189996
0.125499 0.704325
0.483869 0.656717
0.266487 0.856742
0.773198 0.217297
0.193549 0.397534
0.539377 0.228696
0.0484721 0.785306
0.413093 0.193599
0.19144 0.0548578
0.913217 0.480057
0.0884882 0.130631
0.638257 0.470677
0.267147 0.581853
0.358653 0.250931
0.483522 0.250056
0.811976 0.00212485
0.151759 0.00402512
0.493356 0.3533
0.555492 0.696866
0.242807 0.754648
0.385637 0.327053
0.288788 0.749231
0.138185 0.372952
0.770821 0.0066904
0.215998 0.121682
0.859891 0.361305
0.099809 0.243681
0.354235 0.171094
0.942854 0.681281
0.730922 0.909962
0.156709 0.371343
0.135275 0.237618
0.374027 0.0852589
0.270759 0.132628
0.402232 0.0356288
0.531407 0.124479
0.66474 0.921828
0.894554 0.149018
0.678546 0.0640952
0.473552 0.968532
0.28438 0.594833
0.665612 0.858114
0.371855 0.761223
0.515893 0.576962
0.906678 0.709006
0.0112484 0.612118
0.501192 0.059163
0.405854 0.777093
0.7367 0.920874
0.715749 0.830337
0.768295 0.340463
0.547317 0.59657
0.956784 0.132539
0.261356 0.132931
0.764909 0.721292
0.198104 0.228457
0.187256 0.750413
0.796854 0.488055
0.80996 0.775883
0.727166 0.444055
0.733279 0.226579
0.553977 0.390028
0.774595 0.1231
0.281545 0.940261
0.961195 0.369619
0.167928 0.650085
0.694627 0.189765
0.52525 0.832155
0.851319 0.350581
0.774834 0.158873
0.784431 0.479182
0.126647 0.423339
0.675305 0.65164
0.472224 0.175379
0.66647 0.352702
0.813626 0.134588
0.92948 0.704656
0.357761 0.00880454
0.820247 0.130598
0.583091 0.544089
0.733391 0.842369
0.711959 0.311441
0.0950332 0.423822
0.131168 0.35532
0.725853 0.313921
0.77732 0.0349472
0.113289 0.424169
0.535098 0.168001
0.463935 0.714477
0.0275093 0.217676
0.749458 0.538892
0.733231 0.864947
0.689547 0.234449
0.345123 0.22317
0.819999 0.327541
0.239571 0.135295
0.610194 0.141084
0.657553 0.193094
0.940042 0.46622
0.752207 0.60352
0.665763 0.659559
0.57834 0.738971
0.398118 0.164643
0.497497 0.84867
0.823753 0.503484
0.826333 0.393455
0.416862 0.951037
0.616192 0.84359
0.497663 0.661963
0.609678 0.0539926
0.562203 0.292942
0.63207 0.908098
0.589939 0.898778
0.333529 0.0729342
0.20825 0.391035
0.471073 0.534813
0.0318333 0.407821
0.329569 0.768536
0.0658602 0.342983
0.659223 0.263257
0.704319 0.483063
0.603009 0.522477
0.584105 0.620666
0.507477 0.417135
0.503814 0.338679
0.18174 0.817306
0.552856 0.159374
0.421756 0.670827
0.663687 0.807883
0.186926 0.273592
0.100388 0.262803
0.132852 0.481295
0.0218987 0.590196
0.487285 0.0431418
0.847823 0.311201
0.954228 0.121941
0.595986 0.318205
0.331639 0.133652
0.247343 0.620977
0.639756 0.18219
0.397467 0.464012
0.714345 0.425574
0.211736 0.730068
0.618948 0.164958
0.227136 0.746922
0.412542 0.754969
0.0649036 0.131594
0.429996 0.749817
0.34097 0.343004
0.759476 0.52553
0.341961 0.971875
0.812799 0.691262
0.588863 0.427692
0.29299 0.104464
0.596934 0.190748
0.449575 0.995765
0.364371 0.639746
0.844675 0.416153
0.610067 0.308278
0.620296 0.907008
0.724988 0.160321
0.604446 0.702953
0.505192 0.198344
0.543997 0.340419
0.1357 0.152104
0.874772 0.926803
0.741859 0.989176
0.457828 0.91414
0.123454 0.00206194
0.0757598 0.138094
0.619984 0.222989
0.923746 0.718771
0.178535 0.119797
0.50711 0.371969
0.932761 0.351128
0.455602 0.178777
0.106941 0.958504
0.253576 0.911263
0.300875 0.520119
0.43119 0.173744
0.65994 0.359588
0.831922 0.524778
0.435616 0.60224
0.521279 0.44048
0.210889 0.952525
0.710938 0.725767
0.73604 0.996172
0.30626 0.546687
0.509616 0.898432
0.58285 0.0603962
0.421812 0.771163
0.204022 0.961962
0.793675 0.507784
0.641047 0.467522
0.585716 0.395516
0.611695 0.736375
0.189485 0.629713
0.579371 0.317976
0.393904 0.262614
0.324201 0.180397
0.283002 0.977365
0.277831 0.531232
0.615229 0.820243
0.672219 0.735961
0.570536 0.701664
0.168109 0.989019
0.815597 0.899991
0.16185 0.393416
0.552271 0.148085
0.907625 0.833643
0.47818 0.953895
0.329198 0.487883
0.344934 0.39606
0.766922 0.237603
0.117756 0.332851
0.589617 0.833179
0.709484 0.910555
0.81814 0.95319
0.295602 0.0424727
0.49004 0.510667
0.598316 0.993501
0.316824 0.0459557
0.79402 0.027386
0.985029 0.92181
0.132613 0.474932
0.471652 0.627253
0.720802 0.554093
0.595065 0.236796
0.222923 0.720659
0.115299 0.511711
0.343633 0.142188
0.158719 0.554365
0.70557 0.550846
0.851174 0.908133
0.755458 0.755347
0.114608 0.901013
0.534105 0.806731
0.781569 0.567272
0.0289892 0.418453
0.0723224 0.403009
0.803646 0.582174
0.962448 0.131938
0.522122 0.106978
0.965881 0.376027
0.638556 0.571192
0.978163 0.0343487
0.904555 0.489162
0.879245 0.23213
0.952187 0.202639
0.359509 0.398948
0.208553 0.0765605
0.739413 0.108817
0.330463 0.0624387
0.789298 0.679696
0.846458 0.572361
0.471241 0.141689
0.425425 0.653241
0.4125 0.524774
0.587556 0.730515
0.298846 0.0844235
0.857202 0.310761
0.475615 0.588924
0.165994 0.680372
0.347926 0.675408
0.979239 0.599864
0.16714 0.442827
0.375637 0.58193
0.146563 0.916437
0.0906822 0.909847
0.15178 0.502552
0.408669 0.216675
0.849548 0.739521
0.544113 0.437363
0.614805 0.792126
0.203793 0.326598
0.0711597 0.756851
0.572105 0.870299
0.648385 0.977621
0.119019 0.382417
0.814051 0.267256
0.352811 0.891126
0.851041 0.31032
0.971054 0.693918
0.353584 0.316918
0.963574 0.696236
0.988685 0.0334544
0.360456 0.55082
0.507939 0.751
0.239268 0.34478
0.407391 0.611715
0.649259 0.207925
0.354035 0.748759
0.218245 0.250808
0.994254 0.0608352
0.992951 0.0694902
0.0844495 0.695184
0.941292 0.735565
0.545509 0.0657648
0.898388 0.0137666
0.810319 0.479908
0.436748 0.822599
0.739166 0.315299
0.745566 0.62946
0.0840194 0.466876
0.071539 0.163794
0.894469 0.438349
0.696457 0.374685
0.462857 0.262371
0.183846 0.280635
0.254006 0.0315411
0.00476242 0.565855
0.180627 0.755114
0.539705 0.170946
0.228106 0.13917
0.770301 0.657247
0.465194 0.325995
0.022324 0.749273
0.684476 0.166564
0.713156 0.915162
0.193697 0.0938005
0.892939 0.748159
0.215089 0.745956
0.340092 0.413793
0.748162 0.461515
0.371543 0.0762026
0.00411647 0.556889
0.411017 0.620512
0.873336 0.147169
0.490226 0.346623
0.165269 0.2988
0.0734433 0.171065
0.873539 0.72446
0.833643 0.146021
0.527931 0.818294
0.432214 0.515899
0.887405 0.735398
0.957882 0.455443
0.650965 0.135138
0.375239 0.48521
0.695865 0.298867
0.394454 0.998697
0.473134 0.630843
0.0983611 0.903477
0.579532 0.766758
0.166963 0.980351
0.13989 0.894274
0.700567 0.790373
0.0889809 0.66387
0.850359 0.267838
0.201246 0.213125
0.364981 0.321273
0.394554 0.607431
0.997198 0.016781
0.0953148 0.982889
0.21829 0.110453
0.257283 0.227227
0.922016 0.585063
0.152942 0.891311
0.630146 0.00359968
0.454498 0.711638
0.466311 0.97627
0.454884 0.192243
0.655645 0.316035
0.190013 0.356419
0.957452 0.609449
0.863919 0.888929
0.0749003 0.127784
0.336527 0.813382
0.143889 0.39526
0.609427 0.402657
0.864291 0.669215
0.452502 0.105246
0.765203 0.282302
0.761599 0.5921
0.527398 0.445758
0.739955 0.214778
0.885748 0.634784
0.888535 0.579109
0.178374 0.316878
0.362511 0.804679
0.959688 0.148295
0.64083 0.290983
0.424194 0.0576863
0.442188 0.316158
0.841656 0.6802
0.808063 0.532699
0.833673 0.0614904
0.777976 0.0263508
0.0407203 0.0326746
0.102147 0.284837
0.484561 0.927537
0.522646 0.229876
0.0738805 0.822081
0.112725 0.113309
0.51757 0.535207
0.832792 0.727662
0.590137 0.338868
0.429785 0.521635
0.0319015 0.596748
0.892273 0.821116
0.450423 0.396426
0.0582741 0.827253
0.23172 0.916593
0.283568 0.429431
0.787806 0.161135
0.217526 0.908544
0.0778601 0.289523
0.491444 0.404579
0.749188 0.051098
0.973829 0.242647
0.741689 0.576314
0.787328 0.550812
0.280479 0.954732
0.676543 0.575658
0.849281 0.859858
0.576157 0.711624
0.491521 0.81003
0.11284 0.847665
0.356554 0.486448
0.80745 0.915794
0.843306 0.731112
0.225085 0.149212
0.278212 0.685114
0.895668 0.368172
0.687252 0.571384
0.433253 0.673832
0.92243 0.672113
0.426194 0.646959
0.312624 0.34609
0.765496 0.0111562
0.57631 0.892282
0.201721 0.461095
0.900332 0.998994
0.947954 0.833991
0.982633 0.148112
0.30695 0.989211
0.689509 0.137003
0.969308 0.482223
0.499738 0.151098
0.792731 0.534247
0.268284 0.935678
0.2208 0.613163
0.784498 0.529026
0.727829 0.669952
0.465686 0.689906
0.163141 0.921795
0.947292 0.703355
0.345393 0.498811
0.235638 0.466949
0.0746176 0.303474
0.742505 0.144533
0.50184 0.832441
0.0106111 0.864888
0.661312 0.159294
0.370344 0.719377
0.0915826 0.500972
0.139977 0.863878
0.669482 0.326209
0.727794 0.943405
0.168079 0.851925
0.107976 0.357511
0.23477 0.652252
0.436086 0.00302455
0.57137 0.535925
0.230192 0.242584
0.816109 0.112198
0.634318 0.0561127
0.789717 0.335656
0.487228 0.340668
0.73787 0.238392
0.761994 0.661385
0.570515 0.359238
0.986228 0.273642
0.229432 0.905541
0.565366 0.352316
0.0581048 0.61179
0.859554 0.911743
0.499065 0.352955
0.579504 0.102241
0.701599 0.142144
0.0389893 0.961881
0.0712869 0.295528
0.394831 0.142113
0.340525 0.48136
0.735601 0.654456
0.886229 0.53904
0.164209 0.459189
0.18009 0.0100316
0.0284547 0.244076
0.861484 0.387363
0.305774 0.676353
0.82597 0.517742
0.510991 0.0462758
0.298719 0.5003
0.514628 0.481449
0.481265 0.966732
0.554339 0.975369
0.855522 0.0307867
0.956336 0.136892
0.532127 0.465798
0.45037 0.132562
0.273843 0.67744
0.988921 0.530853
0.34767 0.125936
0.365526 0.214841
0.0243608 0.578032
0.883849 0.568239
0.221872 0.63943
0.550497 0.257773
0.897725 0.193471
0.665421 0.550722
0.0388217 0.620197
0.113879 0.168016
0.366074 0.84716
0.920768 0.712171
0.904612 0.6213
0.355077 0.712692
0.0282542 0.363272
0.204834 0.0955923
0.617693 0.301473
0.628972 0.0705797
0.961799 0.0791288
0.650929 0.28329
0.287186 0.0209466
0.819934 0.44594
0.04819 0.887831
0.783509 0.0396031
0.791093 0.481585
0.845321 0.232237
0.678388 0.947966
0.663922 0.210318
0.643478 0.615026
0.779921 0.200552
0.247759 0.520465
0.482554 0.351048
0.171327 0.277644
0.0844647 0.724146
0.718245 0.320296
0.7965 0.788101
0.515889 0.428906
0.14412 0.687129
0.243423 0.991619
0.171002 0.796557
0.715537 0.379011
0.817022 0.962996
0.842543 0.113523
0.980915 0.100754
0.208317 0.626126
0.366874 0.215732
0.36294 0.839632
0.425255 0.952316
0.72703 0.702465
0.780893 0.175755
0.262932 0.0713561
0.903449 0.44847
0.974773 0.270699
0.897953 0.0923505
0.750735 0.386542
0.448086 0.536673
0.464479 0.222961
0.230994 0.909512
0.33063 0.793281
0.534365 0.734856
0.199673 0.306744
0.0251259 0.981289
0.220369 0.463706
0.133458 0.789396
0.939692 0.0434483
0.958371 0.459047
0.831283 0.910337
0.999315 0.32585
0.410915 0.321331
0.347583 0.669306
0.420591 0.645539
0.28653 0.794984
0.541533 0.153457
0.704243 0.487755
0.0998814 0.574845
0.822044 0.0747224
0.982612 0.890323
0.221634 0.29209
0.51384 0.861761
0.0099059 0.756163
0.780797 0.681278
0.66035 0.683492
0.751951 0.253816
0.605603 0.444194
0.851222 0.638835
0.136143 0.379752
0.0980119 0.395188
0.507733 0.409585
0.737864 0.10052
0.961191 0.51776
0.408297 0.347921
0.321319 0.0905874
0.313883 0.526263
0.827386 0.217391
0.00576009 0.439294
0.259454 0.31271
0.709823 0.249594
0.873346 0.602374
0.181446 0.218812
0.58585 0.819271
0.497679 0.402238
0.502831 0.119041
0.257034 0.353428
0.0902878 0.245078
0.704387 0.725482
0.832847 0.025811
0.610372 0.534028
0.381648 0.544724
0.557948 0.917979
0.287277 0.564813
0.458988 0.0529009
0.399306 0.885911
0.58146 0.452015
0.295676 0.644328
0.455136 0.876379
0.540162 0.927727
0.440382 0.615077
0.196217 0.259402
0.816635 0.0729327
0.685385 0.736252
0.858835 0.66459
0.376678 0.0813311
0.138973 0.691395
0.115569 0.423637
0.0566673 0.821494
0.301337 0.00331074
0.480357 0.10265
0.610059 0.57046
0.332582 0.564746
0.948011 0.464669
0.105251 0.436102
0.855862 0.606824
0.309732 0.546679
0.444253 0.404011
0.541231 0.584575
0.417565 0.300322
0.0358519 7.8199e-05
0.498199 0.796069
0.0839457 0.931859
0.0171057 0.506063
0.698595 0.987078
0.894354 0.87437
0.304644 0.330341
0.624802 0.135404
0.239986 0.947064
0.129572 0.837311
0.245242 0.469996
0.213402 0.556058
0.74412 0.412274
0.383039 0.280026
0.990576 0.515412
0.32602 0.792305
0.0226699 0.55949
0.206896 0.036558
0.814899 0.735149
0.34663 0.770219
0.200723 0.0281924
0.817666 0.24904
0.0205304 0.841316
0.254385 0.188445
0.561397 0.806702
0.143593 0.942933
0.935605 0.247944
0.54617 0.450588
0.181818 0.00642394
0.248123 0.431435
0.222609 0.361143
0.498553 0.0508181
0.341471 0.563582
0.796301 0.855935
0.800199 0.795402
0.475732 0.241965
0.488499 0.711247
0.597245 0.733588
0.671815 0.756737
0.971572 0.101812
0.962403 0.474132
0.61387 0.871091
0.0805428 0.228714
0.0302785 0.979738
0.177979 0.787973
0.747233 0.496584
0.220976 0.470094
0.929842 0.56163
0.641797 0.786239
0.466746 0.262892
0.447805 0.0888203
0.879931 0.412052
0.72138 0.481882
0.337897 0.223388
0.552217 0.897304
0.788892 0.569231
0.950027 0.482862
0.799109 0.31356
0.596022 0.978853
0.347036 0.958426
0.218155 0.579991
0.242475 0.609051
0.802974 0.117427
0.660406 0.706586
0.471666 0.0568562
0.743575 0.309982
0.623695 0.612556
0.0235721 0.620872
0.825461 0.852128
0.98213 0.970765
0.168508 0.25726
0.340437 0.869816
0.340732 0.0978073
0.752733 0.688827
0.179047 0.953822
0.769905 0.47821
0.968062 0.15742
0.921072 0.784752
0.590135 0.863466
0.580171 0.745219
0.933776 0.89579
0.495701 0.823385
0.600515 0.501525
0.94311 0.0952858
0.238275 0.886566
0.309735 0.961396
0.681449 0.44079
0.123755 0.0558828
0.41835 0.00259426
0.847833 0.925082
0.171857 0.674898
0.271795 0.826947
0.865388 0.88737
0.520916 0.681884
0.884473 0.98837
0.159948 0.540305
0.0483702 0.0576125
0.342616 0.386866
0.678898 0.10515
0.843529 0.742311
0.861524 0.588387
0.18684 0.479472
0.753958 0.657284
0.939569 0.51409
0.182985 0.924617
0.663767 0.966034
0.18496 0.268246
0.00969574 0.351476
0.185421 0.882756
0.273941 0.579739
0.953242 0.256577
0.617469 0.647677
0.565742 0.141304
0.75569 0.59957
0.586019 0.94426
0.632071 0.949738
0.0485041 0.726929
0.220673 0.864046
0.12193 0.196623
0.544401 0.461069
0.95221 0.735931
0.731956 0.155894
0.207074 0.662414
0.503405 0.446452
0.658097 0.673611
0.34747 0.521501
0.252052 0.698849
0.105479 0.201324
0.717599 0.337541
0.596765 0.483851
0.827901 0.576731
0.023424 0.829492
0.577817 0.296745
0.617277 0.799422
0.582048 0.875016
0.573174 0.227566
0.607509 0.47118
0.559094 0.596816
0.695915 0.63902
0.998626 0.811308
0.53079 0.487465
0.0501679 0.826019
0.571895 0.845467
0.286356 0.0953812
0.251443 0.208289
0.467116 0.806971
0.464249 0.370967
0.796272 0.248945
0.191035 0.986963
0.383461 0.563352
0.16592 0.494763
0.93946 0.877039
0.281724 0.446992
0.656101 0.891713
0.948364 0.874066
0.99913 0.384144
0.639676 0.92457
0.389762 0.822144
0.33132 0.00262172
0.558194 0.686113
0.895589 0.970259
0.217221 0.673438
0.562404 0.412323
0.274422 0.199064
0.848244 0.752169
0.63891 0.375016
0.678162 0.0918698
0.0702882 0.422937
0.859574 0.265659
0.402652 0.249592
0.510739 0.0186363
0.329734 0.962747
0.131338 0.345335
0.556159 0.723289
0.279897 0.129277
0.643262 0.525816
0.283924 0.769295
0.302855 0.763654
0.0750666 0.571604
0.139448 0.977727
0.987638 0.920019
0.75524 0.0566246
0.818747 0.0508778
0.161245 0.454615
0.729271 0.0868352
0.308251 0.601602
0.247852 0.464473
0.681516 0.941643
0.865668 0.401642
0.593526 0.383347
0.94378 0.367663
0.343472 0.00396184
0.0301674 0.118784
0.56968 0.826238
0.385279 0.939298
0.806186 0.704407
0.91029 0.0614513
0.347176 0.609458
0.795976 0.567084
0.866168 0.638625
0.178072 0.854814
0.241013 0.569028
0.938407 0.458128
0.232235 0.702098
0.126528 0.472562
0.997816 0.0510198
0.987533 0.78638
0.888741 0.930703
0.426037 0.883744
0.32509 0.280263
0.152634 0.113087
0.540871 0.946799
0.766093 0.396706
0.555187 0.381294
0.986303 0.779745
0.203854 0.733797
0.60832 0.910798
0.50495 0.0714431
0.769844 0.748927
0.623415 0.171801
0.2591 0.519823
0.612166 0.767852
0.236085 0.165105
0.489356 0.947233
0.738331 0.966986
0.939509 0.217615
0.826036 0.519405
0.259447 0.2776
0.00934588 0.133246
0.920212 0.755186
0.0495444 0.493252
0.917894 0.552736
0.725544 0.461912
0.679088 0.0385233
0.879383 0.167745
0.166443 0.143408
0.339963 0.649359
0.998158 0.536699
0.301189 0.890206
0.834338 0.041953
0.22287 0.718571
0.042007 0.0358052
0.492292 0.78104
0.617956 0.449304
0.0642486 0.390324
0.587514 0.126636
0.767031 0.163793
0.177077 0.236197
0.931592 0.948499
0.335797 0.781756
0.730819 0.644948
0.341275 0.40236
0.956158 0.807741
0.507847 0.926743
0.351643 0.655485
0.398301 0.5873
0.715161 0.903243
0.655399 0.129052
0.234799 0.543636
0.0482305 0.64905
0.943539 0.349474
0.231996 0.524681
0.787723 0.829552
0.982589 0.938753
0.66854 0.811349
0.442937 0.580811
0.065801 0.655656
0.0359619 0.988997
0.669401 0.74821
0.486152 0.698578
0.633336 0.257032
0.00795868 0.590847
0.769272 0.350751
0.687976 0.972976
0.321041 0.893078
0.501648 0.550625
0.533995 0.0471231
0.878799 0.203595
0.873236 0.0965001
0.14734 0.752209
0.90977 0.164026
0.200892 0.693666
0.928225 0.949181
0.263952 0.443621
0.367412 0.230828
0.950654 0.643146
0.960806 0.92575
0.712276 0.643251
0.748481 0.167354
0.379913 0.513301
0.498133 0.585092
0.0795665 0.583388
0.41088 0.640732
0.112425 0.480298
0.130983 0.83663
0.729382 0.51933
0.0842598 0.917832
0.446397 0.730749
0.339358 0.0610348
0.32633 0.719895
0.251339 0.513256
0.587785 0.285361
0.365976 0.564065
0.303083 0.856962
0.0224964 0.209103
0.398154 0.364744
0.958551 0.729964
0.842823 0.282696
0.407746 0.856744
0.126148 0.487062
0.708793 0.289701
0.0118167 0.910062
0.590855 0.0217576
0.848838 0.623108
0.760549 0.706613
0.119536 0.725246
0.628886 0.62264
0.161107 0.210895
0.315568 0.9378
0.109171 0.661857
0.818426 0.72051
0.618804 0.954689
0.552281 0.236961
0.988111 0.222017
0.0132694 0.614466
0.313607 0.175734
0.685116 0.506863
0.538126 0.174213
0.75528 0.451946
0.34531 0.44161
0.607519 0.0392518
0.838546 0.265401
0.564757 0.00538993
0.841707 0.526355
0.231955 0.199733
0.541576 0.473157
0.76254 0.315504
0.181957 0.0314319
0.302471 0.0443305
0.963355 0.0125415
0.195823 0.617531
0.874029 0.726332
0.662196 0.701179
0.181624 0.939727
0.386186 0.640885
0.81586 0.0860206
0.402821 0.850949
0.860004 0.0252769
0.891347 0.794318
0.801068 0.753678
0.759752 0.372764
0.832622 0.790297
0.19868 0.177464
0.550292 0.520984
0.396827 0.958392
0.67712 0.322411
0.634182 0.490181
0.813879 0.746019
0.274333 0.0820721
0.00912237 0.218955
0.789974 0.974509
0.155105 0.961175
0.845652 0.446726
0.410318 0.617066
0.840074 0.0389052
0.284405 0.503828
0.700749 0.253559
0.475158 0.464268
0.291319 0.626554
0.111657 0.991202
0.853732 0.0620386
0.0790036 0.311586
0.954947 0.361741
0.755668 0.933457
0.977569 0.420461
0.096507 0.595108
0.562301 0.577459
0.693509 0.767931
0.89376 0.2643
0.704647 0.124249
0.850673 0.292949
0.526633 0.104584
0.363822 0.481581
0.714258 0.53305
0.219926 0.373958
0.374652 0.0623041
0.736185 0.106243
0.496933 0.096593
0.12931 0.999813
0.865769 0.151856
0.775537 0.80291
0.869012 0.0243612
0.801817 0.0206983
0.633163 0.199994
0.107711 0.664096
0.270392 0.0961157
0.520822 0.498974
0.389272 0.617922
0.516186 0.660293
0.92042 0.306475
0.668765 0.133703
0.94778 0.734608
0.492633 0.801537
0.519317 0.111712
0.461422 0.101901
0.425572 0.334169
0.965675 0.58414
0.191259 0.0338336
0.502102 0.504963
0.938539 0.143216
0.0841684 0.751926
0.993869 0.943533
0.142877 0.855604
0.347578 0.537359
0.291453 0.638984
0.22573 0.434029
0.426177 0.0247704
0.591817 0.615124
0.328059 0.526722
0.507712 0.823338
0.878551 0.762561
0.109932 0.213517
0.881577 0.804967
0.0495251 0.663374
0.698703 0.314655
0.987272 0.0855997
0.628553 0.722227
0.544543 0.594756
0.204359 0.405671
0.458022 0.940787
0.610508 0.118485
0.549716 0.681304
0.533445 0.693427
0.273812 0.944395
0.644844 0.832676
0.640778 0.559164
0.528688 0.84326
0.284641 0.732028
0.301625 0.884074
0.250761 0.459707
0.0748277 0.847361
0.708436 0.20246
0.251899 0.0883484
0.184649 0.209337
0.698822 0.34278
0.283108 0.862371
0.904743 0.66633
0.848809 0.843258
0.952516 0.062683
0.801262 0.247224
0.661487 0.651281
0.673884 0.770067
0.128314 0.419981
0.699743 0.152075
0.0507794 0.591061
0.133853 0.820097
0.969879 0.849813
0.472033 0.464476
0.0836865 0.969906
0.304681 0.0857483
0.953728 0.684729
0.477983 0.946997
0.169815 0.657349
0.292228 0.74497
0.231182 0.241203
0.268624 0.388348
0.963513 0.301374
0.138597 0.0511113
0.933084 0.501185
0.990491 0.597233
0.310217 0.84487
0.696917 0.391832
0.462033 0.732975
0.093828 0.0036548
0.931546 0.515011
0.72163 0.193197
0.854506 0.864278
0.210108 0.0459404
0.876358 0.953075
0.208946 0.632928
0.787579 0.505851
0.819289 0.763267
0.785063 0.222538
0.12887 0.0394383
0.808238 0.0991805
0.0861461 0.441455
0.790147 0.519189
0.300603 0.0194637
0.418645 0.879631
0.754297 0.0348133
0.960137 0.00176022
0.854271 0.0155499
0.36902 0.615403
0.445897 0.881836
0.12882 0.820758
0.433445 0.846805
0.0599624 0.206237
0.934 0.588451
0.548888 0.0711201
0.176865 0.436556
0.580977 0.854589
0.0331101 0.179111
0.567711 0.14427
0.653877 0.854774
0.492436 0.726743
0.276936 0.733695
0.500007 0.543682
0.841188 0.22938
0.0325146 0.540482
0.51366 0.923339
0.710405 0.255831
0.281432 0.653151
0.783824 0.154094
0.305999 0.324099
0.285014 0.0291785
0.0202853 0.0630214
0.306145 0.753711
0.941064 0.355892
0.375714 0.616763
0.739508 0.824758
0.285683 0.139609
0.473842 0.51474
0.808458 0.246163
0.332818 0.341635
0.127748 0.58689
0.238969 0.402128
0.965775 0.124736
0.253497 0.168486
0.156885 0.911498
0.701803 0.914501
0.988451 0.99436
0.483957 0.913651
0.967393 0.773711
0.383412 0.39866
0.70795 0.135624
0.077158 0.479237
0.929485 0.485001
0.210874 0.518038
0.437231 0.0939345
0.175002 0.0314072
0.0190965 0.370705
0.171455 0.140087
0.921065 0.410871
0.565128 0.429661
0.756828 0.381528
0.353006 0.726772
0.669833 0.324221
0.571732 0.95525
0.398261 0.0528184
0.616497 0.401393
0.995606 0.914445
0.789154 0.342211
0.727677 0.952954
0.213369 0.232071
0.879994 0.458993
0.502601 0.93668
0.257251 0.833486
0.499458 0.955679
0.84416 0.961805
0.173094 0.285802
0.0729021 0.139661
0.689262 0.240642
0.607128 0.762629
0.112098 0.00531408
0.913172 0.248762
0.489279 0.253923
0.534717 0.416192
0.199722 0.549055
0.0727657 0.049981
0.0698229 0.336084
0.538425 0.719524
0.10751 0.353375
0.34042 0.383552
0.846694 0.191337
0.957842 0.545259
0.04739 0.635828
0.42598 0.815677
0.029364 0.651155
0.448745 0.322773
0.236334 0.722675
0.132419 0.793222
0.93612 0.991074
0.222996 0.750554
0.0408755 0.826503
0.375961 0.973084
0.707078 0.361438
0.71712 0.849161
0.589157 0.0124588
0.325512 0.137354
0.313972 0.526219
0.995308 0.00479056
0.219968 0.109055
0.151679 0.560644
0.750059 0.726554
0.215043 0.489367
0.437383 0.384054
0.575315 0.727296
0.47006 0.192256
0.600069 0.484635
0.433218 0.656451
0.67013 0.852225
0.462446 0.246392
0.194868 0.866266
0.837316 0.312206
0.743885 0.675859
0.875187 0.352342
0.15113 0.680074
0.580991 0.971423
0.961992 0.614811
0.374361 0.931945
0.663741 0.830982
0.0937227 0.393736
0.181701 0.0917972
0.0376479 0.295202
