1034.65
Drop found: -10... #POS before: 314 and #POS after 304
1034.65
0.100617 0.829225

0.845115 0.0232502

0.475968 0.657969

0.0998028 0.0503805

0.630636 0.141775

0.00736433 0.891016

0.442413 0.40892

0.214385 0.327069

0.274477 0.348817

0.325735 0.910364

0.120781 0.718368

0.268004 0.646777

0.725291 0.553431

0.686106 0.332765

0.100308 0.893541

0.0420886 0.422772

0.372923 0.973923

0.330246 0.18349

0.443154 0.787988

0.118173 0.070579

0.926684 0.063388

0.0277897 0.130996

0.828437 0.368178

0.754212 0.304004

0.137341 0.0340379

0.0482497 0.202358

0.972696 0.0958558

0.442743 0.184178

0.0414342 0.292003

0.559519 0.169157

0.508812 0.522807

0.85094 0.533691

0.651173 0.302727

0.60075 0.619284

0.829757 0.998057

0.274781 0.609093

0.115714 0.23901

Drop found: -1... #POS before: 671 and #POS after 670
1034.65
0.100617 0.829225

0.845115 0.0232502

0.475968 0.657969

0.0998028 0.0503805

0.630636 0.141775

0.00736433 0.891016

0.442413 0.40892

0.214385 0.327069

0.274477 0.348817

0.325735 0.910364

0.120781 0.718368

0.268004 0.646777

0.725291 0.553431

0.686106 0.332765

0.100308 0.893541

0.0420886 0.422772

0.372923 0.973923

0.330246 0.18349

0.443154 0.787988

0.118173 0.070579

0.926684 0.063388

0.0277897 0.130996

0.828437 0.368178

0.754212 0.304004

0.137341 0.0340379

0.0482497 0.202358

0.972696 0.0958558

0.442743 0.184178

0.0414342 0.292003

0.559519 0.169157

0.508812 0.522807

0.85094 0.533691

0.651173 0.302727

0.60075 0.619284

0.829757 0.998057

0.274781 0.609093

0.115714 0.23901

0.3794 0.729717

0.328088 0.00938327

0.71722 0.490091

0.775469 0.772648

0.308504 0.835338

0.219437 0.880861

0.790412 0.439789

0.907208 0.792654

0.31087 0.357158

0.213386 0.617665

0.925581 0.899417

0.967416 0.518862

0.800062 0.016051

0.73741 0.140797

0.0765523 0.642159

0.254388 0.084541

0.95532 0.902089

0.530956 0.780459

0.497026 0.426878

0.2619 0.0253669

Drop found: -2... #POS before: 1494 and #POS after 1492
1034.65
0.100617 0.829225

0.845115 0.0232502

0.475968 0.657969

0.0998028 0.0503805

0.630636 0.141775

0.00736433 0.891016

0.442413 0.40892

0.214385 0.327069

0.274477 0.348817

0.325735 0.910364

0.120781 0.718368

0.268004 0.646777

0.725291 0.553431

0.686106 0.332765

0.100308 0.893541

0.0420886 0.422772

0.372923 0.973923

0.330246 0.18349

0.443154 0.787988

0.118173 0.070579

0.926684 0.063388

0.0277897 0.130996

0.828437 0.368178

0.754212 0.304004

0.137341 0.0340379

0.0482497 0.202358

0.972696 0.0958558

0.442743 0.184178

0.0414342 0.292003

0.559519 0.169157

0.508812 0.522807

0.85094 0.533691

0.651173 0.302727

0.60075 0.619284

0.829757 0.998057

0.274781 0.609093

0.115714 0.23901

0.3794 0.729717

0.328088 0.00938327

0.71722 0.490091

0.775469 0.772648

0.308504 0.835338

0.219437 0.880861

0.790412 0.439789

0.907208 0.792654

0.31087 0.357158

0.213386 0.617665

0.925581 0.899417

0.967416 0.518862

0.800062 0.016051

0.73741 0.140797

0.0765523 0.642159

0.254388 0.084541

0.95532 0.902089

0.530956 0.780459

0.497026 0.426878

0.2619 0.0253669

0.160554 0.434114

0.746592 0.429952

0.430664 0.00248239

0.995678 0.321827

0.78743 0.802793

0.937953 0.735679

0.611255 0.685868

0.550645 0.842935

0.492357 0.883273

0.481142 0.622968

0.206724 0.539069

0.157915 0.273346

0.159844 0.530523

0.355073 0.966211

0.867978 0.127097

0.742296 0.313639

0.600823 0.53808

0.604557 0.441614

0.895934 0.532261

0.062303 0.760793

0.519251 0.388469

0.382893 0.279756

0.407007 0.736871

0.509565 0.481375

0.745989 0.156493

0.695359 0.713139

0.677827 0.644271

0.457495 0.348491

0.026042 0.762644

0.593471 0.347804

0.560368 0.61807

0.330405 0.831509

0.33339 0.147418

0.382711 0.47659

0.230939 0.101512

Drop found: -7... #POS before: 6941 and #POS after 6934
1034.65
0.100617 0.829225

0.845115 0.0232502

0.475968 0.657969

0.0998028 0.0503805

0.630636 0.141775

0.00736433 0.891016

0.442413 0.40892

0.214385 0.327069

0.274477 0.348817

0.325735 0.910364

0.120781 0.718368

0.268004 0.646777

0.725291 0.553431

0.686106 0.332765

0.100308 0.893541

0.0420886 0.422772

0.372923 0.973923

0.330246 0.18349

0.443154 0.787988

0.118173 0.070579

0.926684 0.063388

0.0277897 0.130996

0.828437 0.368178

0.754212 0.304004

0.137341 0.0340379

0.0482497 0.202358

0.972696 0.0958558

0.442743 0.184178

0.0414342 0.292003

0.559519 0.169157

0.508812 0.522807

0.85094 0.533691

0.651173 0.302727

0.60075 0.619284

0.829757 0.998057

0.274781 0.609093

0.115714 0.23901

0.3794 0.729717

0.328088 0.00938327

0.71722 0.490091

0.775469 0.772648

0.308504 0.835338

0.219437 0.880861

0.790412 0.439789

0.907208 0.792654

0.31087 0.357158

0.213386 0.617665

0.925581 0.899417

0.967416 0.518862

0.800062 0.016051

0.73741 0.140797

0.0765523 0.642159

0.254388 0.084541

0.95532 0.902089

0.530956 0.780459

0.497026 0.426878

0.2619 0.0253669

0.160554 0.434114

0.746592 0.429952

0.430664 0.00248239

0.995678 0.321827

0.78743 0.802793

0.937953 0.735679

0.611255 0.685868

0.550645 0.842935

0.492357 0.883273

0.481142 0.622968

0.206724 0.539069

0.157915 0.273346

0.159844 0.530523

0.355073 0.966211

0.867978 0.127097

0.742296 0.313639

0.600823 0.53808

0.604557 0.441614

0.895934 0.532261

0.062303 0.760793

0.519251 0.388469

0.382893 0.279756

0.407007 0.736871

0.509565 0.481375

0.745989 0.156493

0.695359 0.713139

0.677827 0.644271

0.457495 0.348491

0.026042 0.762644

0.593471 0.347804

0.560368 0.61807

0.330405 0.831509

0.33339 0.147418

0.382711 0.47659

0.230939 0.101512

0.0697658 0.429958

0.773948 0.28816

0.554504 0.356344

0.0447785 0.01649

0.555533 0.210037

0.986557 0.760681

0.0673193 0.452583

0.531181 0.979073

0.716159 0.4472

0.37621 0.203103

0.202464 0.668974

0.776849 0.410694

0.469211 0.791745

0.54153 0.948908

0.615206 0.133657

0.613508 0.302011

0.25741 0.89882

0.581201 0.333098

0.922693 0.990563

0.501593 0.624142

0.737399 0.0516674

0.782017 0.460052

0.421148 0.803283

0.858572 0.235219

0.656193 0.886674

0.382993 0.676403

0.845376 0.801788

0.285311 0.796497

0.895785 0.990513

0.156409 0.207448

0.522698 0.931733

0.517911 0.287219

0.155364 0.810306

0.815982 0.162185

0.452622 0.929895

0.62384 0.0889844

0.29525 0.847763

0.479562 0.349846

0.795512 0.413507

0.691655 0.554654

0.189127 0.054775

0.415282 0.956704

0.667745 0.956614

0.931158 0.993064

0.307185 0.201977

0.293002 0.528214

0.00101911 0.721294

0.689425 0.237972

0.825644 0.969729

0.752101 0.315337

0.377465 0.357444

0.128435 0.151786

0.608221 0.331187

0.242571 0.99071

0.354306 0.749154

0.994211 0.383093

0.0144607 0.444346

0.019134 0.115354

0.404387 0.0584687

0.876225 0.146686

0.626712 0.35812

0.566767 0.613188

0.256075 0.449615

0.306801 0.0315264

0.397851 0.675206

0.437915 0.602618

0.0716578 0.0920211

0.926946 0.405318

0.730775 0.055559

0.479898 0.397847

0.928288 0.164702

0.700689 0.0739672

0.0989076 0.573251

0.123323 0.366599

0.41488 0.0904858

0.6942 0.945115

0.605796 0.687871

0.495168 0.154932

0.88207 0.499835

0.458165 0.858387

0.478373 0.848321

0.0572084 0.507869

0.4788 0.900675

0.921413 0.634499

0.801802 0.707618

0.279174 0.607381

0.325593 0.151706

0.545628 0.398679

0.184534 0.468133

0.314622 0.518811

0.179503 0.483485

0.222503 0.105732

0.200719 0.808174

0.340251 0.813646

0.426307 0.13662

0.684562 0.0436667

0.539431 0.977605

0.0588148 0.780612

0.921237 0.376255

0.228218 0.805429

0.570962 0.429431

0.840908 0.902085

0.215324 0.0401809

0.402708 0.553288

0.849043 0.582552

0.288119 0.371344

0.700744 0.645393

0.586675 0.00850194

0.984014 0.965049

0.319981 0.800545

0.63005 0.17715

0.150689 0.672499

