Drop found: -1... #POS before: 18 and #POS after 17
1.93311
0.0185434 0.37076

0.848354 0.439923

0.89139 0.121275

0.00199317 0.362331

0.442143 0.769118

0.256555 0.727149

0.299104 0.783792

0.953062 0.225703

0.668475 0.209307

Drop found: -1... #POS before: 40 and #POS after 39
2.91451
0.455117 0.383968

0.130077 0.884919

0.247825 0.389892

0.527929 0.613342

0.552272 0.622682

0.529309 0.998965

0.253398 0.781546

0.628314 0.862108

0.571257 0.738393

0.715529 0.969906

Drop found: -1... #POS before: 5 and #POS after 4
0.653955
0.431846 0.443445

0.684093 0.432412

0.784092 0.244756

0.574353 0.954454

0.768527 0.288536

0.918259 0.282959

0.434153 0.561205

0.51968 0.843595

0.355907 0.755379

Drop found: -2... #POS before: 18 and #POS after 16
1.99841
0.0287575 0.265041

0.66095 0.266272

0.890103 0.788805

0.392653 0.944619

0.121775 0.248968

0.341443 0.642626

0.551117 0.175444

0.792727 0.806698

Drop found: -1... #POS before: 12 and #POS after 11
2.46342
0.187843 0.540378

0.726219 0.431378

0.684926 0.123969

0.168184 0.884949

0.890485 0.359916

0.734482 0.195721

0.125265 0.379826

0.397942 0.21126

Drop found: -2... #POS before: 15 and #POS after 13
1.12908
0.592759 0.648174

0.510592 0.421442

0.0013905 0.830583

0.146839 0.329166

0.00548568 0.0145784

0.566743 0.78713

Drop found: -4... #POS before: 15 and #POS after 11
1.7179
0.275876 0.579067

0.591858 0.742771

0.647531 0.763449

0.0569958 0.652812

0.672797 0.885919

0.548956 0.924459

Drop found: -1... #POS before: 14 and #POS after 13
1.06748
0.0816593 0.615767

0.617622 0.619763

0.0343378 0.12055

0.761358 0.386444

0.748668 0.960048

0.330629 0.266955

0.158748 0.383864

0.707496 0.988615

Drop found: -1... #POS before: 17 and #POS after 16
3.87716
0.660492 0.287437

0.762029 0.176622

0.936118 0.146501

0.305543 0.471032

0.96732 0.389031

0.653071 0.255583

0.930167 0.239853

0.98824 0.833922

0.253915 0.629961

0.334259 0.590382

Drop found: -1... #POS before: 11 and #POS after 10
4.27831
0.883127 0.244298

0.221008 0.423167

0.130093 0.409769

0.806422 0.120101

0.990983 0.619011

0.746246 0.36289

Drop found: -1... #POS before: 10 and #POS after 9
0.893521
0.447612 0.550943

0.083482 0.706263

0.0250628 0.196948

0.304238 0.519089

0.99616 0.973101

0.768269 0.109381

0.665706 0.640084

0.274301 0.641128

Drop found: -1... #POS before: 22 and #POS after 21
3.22921
0.715897 0.43099

0.381981 0.259712

0.198058 0.646406

0.942197 0.225803

0.427182 0.281403

0.426287 0.870778

0.373825 0.569031

0.566583 0.70117

0.883255 0.651672

0.617222 0.979452

Drop found: -1... #POS before: 6 and #POS after 5
1.16798
0.741535 0.243235

0.71668 0.217803

0.417344 0.491423

0.896295 0.526384

0.300925 0.100169

0.467428 0.326958

Drop found: -1... #POS before: 16 and #POS after 15
3.54436
0.621313 0.103015

0.84491 0.352685

0.639093 0.232334

0.136178 0.840991

0.375353 0.994536

0.607337 0.676571

0.948295 0.406657

0.368181 0.636187

0.618999 0.272727

Drop found: -1... #POS before: 11 and #POS after 10
1.33103
0.0729069 0.601366

0.382162 0.502511

0.598056 0.00626084

0.633121 0.539327

0.643019 0.706373

0.370615 0.401604

0.423032 0.0809509

0.116287 0.551583

0.392964 0.982728

Drop found: -1... #POS before: 10 and #POS after 9
1.33103
0.0729069 0.601366

0.382162 0.502511

0.598056 0.00626084

0.633121 0.539327

0.643019 0.706373

0.370615 0.401604

0.423032 0.0809509

0.116287 0.551583

0.392964 0.982728

0.623258 0.977426

Drop found: -1... #POS before: 9 and #POS after 8
3.05213
0.145674 0.953745

0.992205 0.235232

0.583301 0.462661

0.960669 0.00554584

0.874087 0.164696

0.241123 0.988207

0.587564 0.639953

0.64734 0.250894

Drop found: -1... #POS before: 5 and #POS after 4
0.566401
0.473898 0.894626

0.290134 0.52565

0.939451 0.303448

0.954876 0.704728

0.668832 0.909925

0.22858 0.419735

0.545936 0.766383

0.977202 0.935307

0.992543 0.292737

0.134975 0.969226

Drop found: -3... #POS before: 22 and #POS after 19
2.92703
0.865976 0.447091

0.343093 0.0400993

0.169201 0.751079

0.354327 0.135464

0.723703 0.359549

0.449055 0.710071

0.679374 0.621823

0.383704 0.354988

0.951686 0.968961

Drop found: -2... #POS before: 29 and #POS after 27
1.44401
0.822029 0.259999

0.497978 0.560634

0.0810265 0.361085

0.569317 0.58862

0.394398 0.582761

0.0316199 0.416144

0.399999 0.0541071

0.00564215 0.0166693

0.22529 0.428703

0.378827 0.943981

Drop found: -1... #POS before: 14 and #POS after 13
1.59301
0.726906 0.462181

0.47527 0.877266

0.32297 0.711665

0.498341 0.169315

0.044737 0.264632

0.21425 0.0640069

0.872044 0.932308

0.0415459 0.407335

Drop found: -1... #POS before: 11 and #POS after 10
2.70954
0.743823 0.225051

0.422583 0.291273

0.237859 0.997931

0.925475 0.482132

0.796974 0.22913

0.172266 0.897713

0.404811 0.864485

Drop found: -1... #POS before: 16 and #POS after 15
2.70954
0.743823 0.225051

0.422583 0.291273

0.237859 0.997931

0.925475 0.482132

0.796974 0.22913

0.172266 0.897713

0.404811 0.864485

0.0647741 0.674173

0.513055 0.893792

0.748206 0.645938

Drop found: -1... #POS before: 22 and #POS after 21
2.66848
0.0218356 0.121924

0.452915 0.67975

0.75344 0.241991

0.961787 0.322582

0.908957 0.279691

0.991875 0.572773

0.989086 0.556901

0.773666 0.207748

0.670062 0.30177

Drop found: -1... #POS before: 11 and #POS after 10
1.10467
0.207965 0.365419

0.966564 0.389373

0.531213 0.75147

0.129371 0.926761

0.0428156 0.976072

0.321292 0.249804

0.356784 0.4514

0.653803 0.863955

0.645972 0.300516

0.324385 0.837016

Drop found: -1... #POS before: 15 and #POS after 14
2.49598
0.822758 0.460313

0.287072 0.955929

0.444938 0.121368

0.648117 0.833157

0.677168 0.595571

0.107739 0.386958

0.24487 0.601737

0.771434 0.187492

0.352196 0.251422

Drop found: -1... #POS before: 19 and #POS after 18
5.01041
0.727333 0.684562

0.865872 0.227876

0.651779 0.194946

0.882763 0.347036

0.873715 0.583035

0.105338 0.589602

0.691435 0.270054

0.65027 0.348228

Drop found: -1... #POS before: 6 and #POS after 5
0.840258
0.322276 0.216768

0.329795 0.165285

0.862142 0.277953

0.891546 0.787156

0.565653 0.722328

0.764819 0.356955

0.45575 0.336583

0.418777 0.718801

0.0699461 0.920556

0.39222 0.781056

Drop found: -2... #POS before: 8 and #POS after 6
1.26343
0.65947 0.333624

0.957567 0.685626

0.745307 0.496224

0.198396 0.71076

0.189768 0.0518709

0.464477 0.695456

Drop found: -1... #POS before: 12 and #POS after 11
1.53629
0.735316 0.636446

0.720815 0.727054

0.664608 0.59419

0.774269 0.626792

0.20151 0.5811

0.649195 0.420129

0.835349 0.271429

0.146206 0.355837

0.539657 0.13776

0.751427 0.975758

Drop found: -1... #POS before: 21 and #POS after 20
6.65685
0.989411 0.155781

0.632894 0.7677

0.435108 0.814558

0.10224 0.784695

0.436432 0.0747479

0.926033 0.98466

0.617202 0.181273

0.478375 0.757902

0.222293 0.467702

Drop found: -1... #POS before: 8 and #POS after 7
2.20803
0.985756 0.539017

0.0902755 0.391811

0.61116 0.310314

0.889878 0.441412

0.695829 0.763952

Drop found: -1... #POS before: 41 and #POS after 40
2.31666
0.1867 0.982971

0.99921 0.69968

0.45319 0.646958

0.480286 0.717523

0.68736 0.404434

0.049167 0.0859236

0.134973 0.198262

0.201964 0.517224

0.849368 0.872044

0.479972 0.546633

Drop found: -1... #POS before: 24 and #POS after 23
2.43694
0.201353 0.0569713

0.131776 0.130173

0.450249 0.0447273

0.631828 0.734133

0.357852 0.182384

0.495803 0.501554

0.944406 0.624802

0.704763 0.597231

0.775226 0.699306

0.729959 0.984479

Drop found: -1... #POS before: 19 and #POS after 18
2.2607
0.147069 0.0961276

0.69324 0.561567

0.683866 0.534219

0.0431323 0.775525

0.404912 0.371433

0.868926 0.54246

0.516439 0.839989

Drop found: -1... #POS before: 44 and #POS after 43
2.2607
0.147069 0.0961276

0.69324 0.561567

0.683866 0.534219

0.0431323 0.775525

0.404912 0.371433

0.868926 0.54246

0.516439 0.839989

0.306575 0.244677

0.235908 0.185051

0.130011 0.895311

Drop found: -1... #POS before: 23 and #POS after 22
2.78836
0.797853 0.489342

0.694155 0.397731

0.52251 0.363243

0.963434 0.880004

0.240361 0.109913

0.598623 0.254727

0.673476 0.201943

0.993147 0.649182

0.131942 0.896917

Drop found: -1... #POS before: 10 and #POS after 9
2.66314
0.577579 0.424

0.0659131 0.499286

0.554435 0.34055

0.948126 0.711207

0.379909 0.46555

0.862847 0.930959

Drop found: -1... #POS before: 12 and #POS after 11
2.58629
0.985321 0.362456

0.104317 0.481436

0.0872386 0.910198

0.909242 0.0487714

0.0970558 0.331344

0.607076 0.851459

0.787455 0.162138

Drop found: -1... #POS before: 20 and #POS after 19
7.70707
0.557076 0.00782596

0.201363 0.880005

0.395902 0.43805

0.372482 0.591494

0.809813 0.921512

0.73718 0.0935892

0.179958 0.627141

0.585754 0.701931

0.849387 0.440346

0.417795 0.244617

Drop found: -1... #POS before: 15 and #POS after 14
2.71001
0.0776607 0.605572

0.853982 0.693559

0.762758 0.842068

0.513509 0.0173766

0.423136 0.737393

0.36405 0.145306

0.612876 0.219658

0.214501 0.376293

Drop found: -1... #POS before: 27 and #POS after 26
4.59696
0.677163 0.580467

0.708383 0.854057

0.855112 0.173889

0.00940674 0.429445

0.474396 0.623897

0.535663 0.772178

0.919831 0.192434

0.283754 0.467311

0.30487 0.439771

0.830555 0.355231

Drop found: -2... #POS before: 8 and #POS after 6
1.32307
0.635106 0.681191

0.478567 0.9752

0.591087 0.814202

0.638411 0.273286

0.0371245 0.204818

0.548974 0.603399

0.539769 0.868602

Drop found: -1... #POS before: 7 and #POS after 6
1.01722
0.97904 0.722741

0.544719 0.393569

0.925737 0.30195

0.328081 0.191305

0.265398 0.0649461

0.18222 0.450915

Drop found: -2... #POS before: 21 and #POS after 19
2.74159
0.448922 0.37785

0.280934 0.437995

0.99424 0.711395

0.928532 0.564304

0.316091 0.695007

0.556151 0.918051

0.495994 0.48515

0.99224 0.663197

0.552915 0.361944

0.152335 0.542903

Drop found: -2... #POS before: 26 and #POS after 24
3.35398
0.313325 0.29247

0.809473 0.69026

0.598759 0.762544

0.76399 0.533135

0.774282 0.792973

0.171917 0.183462

0.742539 0.424454

0.56978 0.240559

0.422124 0.691856

Drop found: -1... #POS before: 17 and #POS after 16
3.3215
0.155832 0.877399

0.834353 0.183308

0.163381 0.344815

0.517555 0.133853

0.584908 0.0942309

0.952335 0.415556

0.499946 0.0862021

0.11728 0.53527

0.646088 0.482236

Drop found: -1... #POS before: 4 and #POS after 3
1.50406
0.871658 0.209658

0.89408 0.381949

0.22581 0.864451

0.800276 0.422465

Drop found: -1... #POS before: 8 and #POS after 7
0.776434
0.040757 0.542534

0.417349 0.785286

0.358131 0.970237

0.751725 0.357179

0.815456 0.289534

0.351654 0.157564

0.757649 0.0405623

0.636436 0.0839578

0.240586 0.103218

0.0704123 0.32904

Drop found: -1... #POS before: 16 and #POS after 15
2.50253
0.872959 0.845418

0.537228 0.967134

0.591471 0.407237

0.139903 0.256391

0.650016 0.424783

0.00794948 0.689358

0.441007 0.515125

Drop found: -1... #POS before: 5 and #POS after 4
1.57968
0.809448 0.401843

0.814523 0.385148

0.765249 0.244765

0.408042 0.248871

0.762809 0.00459406

0.792666 0.560279

Drop found: -1... #POS before: 27 and #POS after 26
2.81186
0.78063 0.824183

0.199824 0.116337

0.553062 0.414668

0.0554813 0.384727

0.685683 0.759208

0.462222 0.366355

0.217415 0.715582

0.638213 0.8479

0.761393 0.526388

0.567464 0.509136

Drop found: -7... #POS before: 58 and #POS after 51
3.48754
0.353416 0.539207

0.138658 0.0922216

0.663741 0.638316

0.157775 0.410817

0.830988 0.708883

0.970422 0.807272

0.00926405 0.266476

0.889312 0.737538

0.304165 0.320359

Drop found: -1... #POS before: 10 and #POS after 9
6.4937
0.397357 0.634935

0.129088 0.560445

0.926073 0.562622

0.104398 0.514727

0.133807 0.122692

Drop found: -1... #POS before: 13 and #POS after 12
3.79343
0.432349 0.134348

0.714963 0.527016

0.894992 0.835507

0.638596 0.122519

0.727413 0.45078

0.477378 0.782367

0.404885 0.274222

Drop found: -1... #POS before: 11 and #POS after 10
2.40238
0.813931 0.409643

0.475868 0.0433192

0.502114 0.542446

0.45641 0.0375794

0.0895079 0.808023

0.221886 0.760436

0.396365 0.653755

Drop found: -1... #POS before: 18 and #POS after 17
1.57804
0.276352 0.530011

0.809761 0.926639

0.0357641 0.479324

0.656659 0.889408

0.392021 0.385311

0.443202 0.248257

0.171468 0.0919474

0.377162 0.715473

Drop found: -1... #POS before: 10 and #POS after 9
2.69235
0.980236 0.325154

0.202153 0.69652

0.812653 0.078614

0.67793 0.724121

0.575742 0.837347

0.25398 0.267281

0.954698 0.360207

Drop found: -1... #POS before: 11 and #POS after 10
1.67751
0.663163 0.398052

0.498983 0.0902004

0.0123139 0.716697

0.311327 0.292122

0.629114 0.357543

0.637863 0.329472

0.315544 0.118582

Drop found: -1... #POS before: 10 and #POS after 9
1.67751
0.663163 0.398052

0.498983 0.0902004

0.0123139 0.716697

0.311327 0.292122

0.629114 0.357543

0.637863 0.329472

0.315544 0.118582

0.177384 0.72782

0.265099 0.336234

Drop found: -1... #POS before: 11 and #POS after 10
1.82421
0.544558 0.200309

0.178408 0.233697

0.655363 0.325883

0.671115 0.181279

0.626388 0.169624

0.795908 0.488256

0.71794 0.907869

Drop found: -3... #POS before: 10 and #POS after 7
1.82421
0.544558 0.200309

0.178408 0.233697

0.655363 0.325883

0.671115 0.181279

0.626388 0.169624

0.795908 0.488256

0.71794 0.907869

0.652919 0.541329

Drop found: -1... #POS before: 15 and #POS after 14
2.14335
0.289691 0.825392

0.843159 0.655582

0.46807 0.330788

0.794637 0.506212

0.458477 0.800171

0.913536 0.685071

0.525608 0.476938

0.0701949 0.369477

0.889297 0.923043

Drop found: -1... #POS before: 19 and #POS after 18
2.72646
0.303884 0.0954631

0.790666 0.587822

0.391946 0.823069

0.486921 0.747667

0.534849 0.57435

0.373855 0.832372

0.404349 0.11296

0.731776 0.613252

0.428686 0.317217

0.203667 0.339037

Drop found: -1... #POS before: 11 and #POS after 10
3.18435
0.359313 0.832631

0.487027 0.878199

0.958898 0.600901

0.976329 0.401206

0.913799 0.526498

0.580894 0.716413

0.660123 0.045407

0.833584 0.594118

0.371276 0.826139

Drop found: -1... #POS before: 5 and #POS after 4
1.20542
0.499362 0.322801

0.449233 0.0446762

0.694333 0.257064

0.257466 0.430708

Drop found: -1... #POS before: 5 and #POS after 4
1.14066
0.862624 0.500153

0.84965 0.171846

0.130171 0.0190689

0.683915 0.795302

Drop found: -1... #POS before: 11 and #POS after 10
1.23498
0.12877 0.979628

0.608511 0.661333

0.680845 0.908984

0.732145 0.819041

0.294405 0.303519

0.00173477 0.527596

0.595067 0.657491

0.904912 0.535763

0.889344 0.907462

0.869569 0.968191

Drop found: -1... #POS before: 34 and #POS after 33
4.46937
0.514234 0.538602

0.565115 0.10167

0.360547 0.539702

0.46139 0.455884

0.848555 0.879912

0.808436 0.829262

0.5794 0.249097

0.795965 0.646903

0.201671 0.769672

Drop found: -1... #POS before: 11 and #POS after 10
2.32482
0.542646 0.821994

0.11893 0.250383

0.869624 0.175755

0.824095 0.804076

0.843993 0.39531

0.947729 0.0902112

0.791491 0.644339

0.650501 0.645948

0.638548 0.734318

Drop found: -1... #POS before: 5 and #POS after 4
0.910567
0.574523 0.872761

0.522182 0.452909

0.0684206 0.748995

0.337666 0.889553

Drop found: -1... #POS before: 3 and #POS after 2
0.797713
0.762753 0.667296

0.707972 0.322672

0.309114 0.846536

Drop found: -4... #POS before: 15 and #POS after 11
2.41082
0.534694 0.451437

0.488977 0.272195

0.141478 0.578592

0.894562 0.0186097

0.961409 0.630024

0.629966 0.438379

0.591228 0.718871

0.861503 0.962201

0.428544 0.464954

Drop found: -1... #POS before: 14 and #POS after 13
2.891
0.637938 0.768825

0.615499 0.0965704

0.557833 0.93511

0.234576 0.997618

0.0588676 0.734984

0.484109 0.0337243

0.0897635 0.387141

Drop found: -1... #POS before: 16 and #POS after 15
2.48279
0.0410712 0.789793

0.361364 0.410232

0.296774 0.570811

0.8728 0.89684

0.774274 0.839607

0.77317 0.487959

0.492375 0.912962

0.0561186 0.615546

Drop found: -2... #POS before: 6 and #POS after 4
1.2891
0.847115 0.670902

0.686582 0.650081

0.736611 0.130106

0.358207 0.10822

0.910209 0.10747

0.61215 0.776013

Drop found: -1... #POS before: 13 and #POS after 12
4.20586
0.640276 0.395543

0.652904 0.763361

0.874291 0.165162

0.973324 0.496867

0.777696 0.299103

0.724766 0.179901

0.852572 0.626524

0.544812 0.916254

Drop found: -2... #POS before: 16 and #POS after 14
2.172
0.716656 0.929106

0.585424 0.512693

0.348026 0.0790968

0.431218 0.397232

0.88628 0.448957

0.183736 0.320408

0.342549 0.294636

Drop found: -2... #POS before: 22 and #POS after 20
2.172
0.716656 0.929106

0.585424 0.512693

0.348026 0.0790968

0.431218 0.397232

0.88628 0.448957

0.183736 0.320408

0.342549 0.294636

0.657452 0.687683

0.566572 0.437479

0.542407 0.860944

Drop found: -2... #POS before: 23 and #POS after 21
4.09643
0.965491 0.554685

0.938394 0.446394

0.250609 0.556026

0.695899 0.320169

0.0990783 0.763944

0.778206 0.932192

0.832873 0.262863

0.957682 0.474304

0.142017 0.634511

0.601217 0.752255

Drop found: -1... #POS before: 8 and #POS after 7
0.963522
0.645797 0.397623

0.105515 0.698091

0.834546 0.876948

0.932115 0.63967

0.476912 0.500172

0.994641 0.373507

0.0906455 0.411651

0.554852 0.439619

0.737061 0.931301

0.440785 0.968253

Drop found: -1... #POS before: 5 and #POS after 4
2.17076
0.889025 0.652025

0.970608 0.941719

0.926384 0.332579

0.537404 0.999276

Drop found: -5... #POS before: 21 and #POS after 16
6.10281
0.917103 0.0550952

0.892499 0.339026

0.937133 0.775582

0.889994 0.881608

0.885576 0.373487

0.763237 0.147977

0.750725 0.12807

0.817907 0.515236

0.531783 0.88274

0.472696 0.179481

Drop found: -1... #POS before: 10 and #POS after 9
0.932688
0.140977 0.559519

0.437724 0.426874

0.509219 0.575383

0.192701 0.74652

0.546621 0.788944

0.0418884 0.978345

0.950106 0.784098

0.255351 0.891847

Drop found: -1... #POS before: 6 and #POS after 5
0.691547
0.465068 0.764478

0.876039 0.701078

0.0547585 0.789457

0.330309 0.405422

0.234591 0.519035

0.325002 0.318292

0.194571 0.915198

Drop found: -1... #POS before: 21 and #POS after 20
2.9307
0.138696 0.365243

0.64522 0.356351

0.195765 0.20692

0.107714 0.516851

0.835147 0.986391

0.337492 0.544515

0.576589 0.912536

0.619833 0.241366

0.499675 0.161268

0.273275 0.802072

Drop found: -1... #POS before: 15 and #POS after 14
1.39657
0.840708 0.295359

0.449312 0.461691

0.49552 0.295601

0.269095 0.19094

0.150633 0.33667

0.310167 0.302393

0.26389 0.542245

0.164115 0.242875

0.131699 0.862024

Drop found: -1... #POS before: 7 and #POS after 6
1.2163
0.680619 0.251712

0.472514 0.52991

0.143201 0.919817

0.456306 0.458331

0.717428 0.599931

0.457858 0.263081

0.644615 0.733007

Drop found: -3... #POS before: 12 and #POS after 9
1.04251
0.49241 0.0418251

0.293486 0.304388

0.708718 0.613182

0.858785 0.567622

0.911639 0.750052

0.561032 0.463213

0.690359 0.558278

0.125679 0.122869

0.855281 0.454608

0.575852 0.984525

Drop found: -1... #POS before: 5 and #POS after 4
1.18243
0.245325 0.597424

0.861369 0.135552

0.886464 0.930632

0.656689 0.341302

0.808835 0.338866

0.437806 0.389529

Drop found: -2... #POS before: 21 and #POS after 19
7.86645
0.126833 0.62244

0.818395 0.803182

0.0135163 0.898723

0.993715 0.100478

0.751215 0.343082

0.1329 0.676227

0.018832 0.0629171

0.211347 0.383712

Drop found: -1... #POS before: 15 and #POS after 14
1.37863
0.90157 0.586772

0.0769061 0.998984

0.230922 0.160493

0.986214 0.485819

0.929012 0.766166

0.26837 0.263712

0.292115 0.682484

0.0335545 0.565074

0.3359 0.938975

0.0795762 0.341455

Drop found: -1... #POS before: 15 and #POS after 14
5.22472
0.644458 0.258699

0.776459 0.744297

0.13573 0.922497

0.488314 0.216303

0.995256 0.00890703

0.330575 0.62452

0.955609 0.152231

0.344071 0.911287

0.286824 0.917976

0.459646 0.437251

Drop found: -1... #POS before: 16 and #POS after 15
2.56961
0.400613 0.204771

0.563933 0.28779

0.689973 0.408483

0.986824 0.583081

0.162796 0.285958

0.562942 0.638671

Drop found: -2... #POS before: 8 and #POS after 6
0.691521
0.994072 0.563691

0.508362 0.342408

0.0682148 0.891664

0.00119768 0.0883506

0.482372 0.392926

0.393471 0.3551

0.687529 0.349471

0.472888 0.360434

0.315208 0.667555

Drop found: -2... #POS before: 20 and #POS after 18
2.40894
0.850849 0.791613

0.770422 0.298202

0.984102 0.588675

0.393093 0.506617

0.150066 0.774213

0.416592 0.817761

0.526441 0.351854

0.116345 0.149873

0.570692 0.719207

0.51501 0.810524

Drop found: -1... #POS before: 9 and #POS after 8
2.37467
0.456274 0.0249414

0.648721 0.176429

0.231398 0.686465

0.937763 0.51334

0.48286 0.542488

0.378003 0.627488

Drop found: -1... #POS before: 9 and #POS after 8
2.37467
0.456274 0.0249414

0.648721 0.176429

0.231398 0.686465

0.937763 0.51334

0.48286 0.542488

0.378003 0.627488

0.53541 0.474322

0.415821 0.57172

Drop found: -2... #POS before: 21 and #POS after 19
1.13869
0.440385 0.332591

0.248891 0.321755

0.513515 0.606515

0.0130896 0.999616

0.487562 0.580674

0.763667 0.321017

0.120951 0.201724

0.051993 0.188045

0.146454 0.897248

0.385226 0.975182

Drop found: -1... #POS before: 4 and #POS after 3
1.02625
0.346237 0.225099

0.868417 0.630324

0.806901 0.452719

0.316831 0.859657

Drop found: -2... #POS before: 19 and #POS after 17
2.80531
0.941983 0.773215

0.854253 0.732403

0.71942 0.474946

0.0952211 0.982099

0.263802 0.57001

0.536976 0.934188

0.311154 0.57483

0.159448 0.599545

Drop found: -1... #POS before: 8 and #POS after 7
1.29375
0.660055 0.496229

0.65454 0.976544

0.23941 0.843759

0.645658 0.374818

0.794117 0.571614

0.527126 0.34869

0.580314 0.041398

0.365471 0.121577

0.711555 0.938255

0.393967 0.568048

Drop found: -1... #POS before: 18 and #POS after 17
2.06225
0.886264 0.0478709

0.195631 0.198415

0.191441 0.553942

0.2019 0.431086

0.390249 0.129518

0.704079 0.63952

0.795788 0.734234

0.0422075 0.49503

0.351461 0.994627

Drop found: -3... #POS before: 11 and #POS after 8
1.51228
0.31826 0.101149

0.133687 0.556638

0.658997 0.559488

0.588982 0.403144

0.684983 0.605991

0.441722 0.903047

Drop found: -1... #POS before: 6 and #POS after 5
2.34061
0.788731 0.0576276

0.884395 0.996326

0.959641 0.946165

0.948518 0.200518

0.727418 0.910358

Drop found: -1... #POS before: 15 and #POS after 14
3.14557
0.0731015 0.549045

0.926915 0.243109

0.731337 0.0748704

0.158359 0.606706

0.290584 0.837374

0.266868 0.181324

0.974659 0.923683

0.856918 0.504243

Drop found: -3... #POS before: 13 and #POS after 10
1.25004
0.550686 0.193537

0.738127 0.883576

0.651917 0.947039

0.336628 0.225428

0.463952 0.761619

0.783197 0.277525

0.455507 0.726916

0.350442 0.9195

0.338845 0.816808

0.285149 0.90425

Drop found: -2... #POS before: 23 and #POS after 21
8.77216
0.451533 0.234086

0.225738 0.0543402

0.42662 0.372185

0.0993247 0.275186

0.823681 0.214361

0.392608 0.143732

0.384187 0.42732

0.442498 0.834696

0.177423 0.211296

Drop found: -1... #POS before: 4 and #POS after 3
1.18942
0.467255 0.223724

0.558443 0.150708

0.897373 0.25654

0.358967 0.377536

Drop found: -1... #POS before: 6 and #POS after 5
1.18942
0.467255 0.223724

0.558443 0.150708

0.897373 0.25654

0.358967 0.377536

0.572523 0.0645713

0.692789 0.709695

0.57951 0.534672

0.733787 0.44781

0.27329 0.697605

Drop found: -2... #POS before: 11 and #POS after 9
1.57964
0.129338 0.744307

0.833147 0.802987

0.155183 0.689438

0.933099 0.999916

0.218898 0.873405

0.562542 0.555392

Drop found: -1... #POS before: 6 and #POS after 5
1.35744
0.430505 0.107403

0.537063 0.236924

0.898319 0.0468704

0.868787 0.685223

0.392957 0.271684

0.627436 0.425782

0.808196 0.699677

Drop found: -1... #POS before: 7 and #POS after 6
1.34192
0.569522 0.183658

0.932564 0.480984

0.800318 0.63026

0.752512 0.610123

0.508899 0.218169

0.456991 0.536984

0.459838 0.83028

Drop found: -1... #POS before: 13 and #POS after 12
4.07185
0.38437 0.509127

0.774229 0.37883

0.0457042 0.65098

0.844548 0.197853

0.805099 0.050009

0.10628 0.608261

0.829288 0.193426

0.53895 0.227822

0.743146 0.944829

Drop found: -3... #POS before: 16 and #POS after 13
2.64045
0.938217 0.882982

0.706525 0.0115689

0.861836 0.0910511

0.0149287 0.043437

0.796931 0.968064

0.00338167 0.671835

0.362074 0.326624

Drop found: -5... #POS before: 26 and #POS after 21
4.63878
0.903379 0.0544356

0.703519 0.318698

0.670268 0.140199

0.407284 0.454609

0.885225 0.527966

0.912412 0.56221

0.266597 0.416816

0.50051 0.095801

0.480332 0.214296

Drop found: -1... #POS before: 22 and #POS after 21
7.12075
0.107239 0.907378

0.41462 0.704413

0.611278 0.276624

0.216743 0.26754

0.139109 0.752543

0.779221 0.501081

0.759065 0.320371

0.0337782 0.500851

0.310297 0.115592

Drop found: -1... #POS before: 26 and #POS after 25
3.6929
0.78821 0.00780154

0.766282 0.268313

0.183404 0.924425

0.872087 0.533956

0.557596 0.137127

0.635417 0.139118

0.109898 0.0449919

0.385859 0.530985

0.293531 0.287815

Drop found: -2... #POS before: 22 and #POS after 20
6.69636
0.782483 0.903582

0.86565 0.663191

0.993293 0.954007

0.665995 0.102031

0.723133 0.112322

0.419481 0.0371678

0.307708 0.256691

Drop found: -1... #POS before: 7 and #POS after 6
1.83125
0.492373 0.0529478

0.610089 0.191058

0.303604 0.256086

0.817565 0.649059

0.250805 0.842309

Drop found: -1... #POS before: 29 and #POS after 28
5.20053
0.890445 0.99061

0.466889 0.233578

0.858979 0.532331

0.589277 0.778321

0.471688 0.0640457

0.468789 0.66935

0.444029 0.186907

0.522386 0.390127

0.202768 0.357408

Drop found: -1... #POS before: 9 and #POS after 8
1.82475
0.364942 0.022443

0.528205 0.570688

0.571557 0.418638

0.667483 0.954604

0.88017 0.0630982

0.275906 0.115134

Drop found: -1... #POS before: 29 and #POS after 28
4.84829
0.928966 0.798656

0.464189 0.957461

0.508319 0.136257

0.591642 0.419343

0.836239 0.762746

0.834149 0.525304

0.678845 0.593276

0.820752 0.794904

0.41233 0.967085

Drop found: -5... #POS before: 18 and #POS after 13
7.45621
0.137553 0.946599

0.213257 0.567857

0.417973 0.202243

0.657002 0.83715

0.622426 0.324895

0.807793 0.8596

0.404209 0.399043

Drop found: -1... #POS before: 13 and #POS after 12
2.16181
0.685939 0.643585

0.094912 0.876155

0.903973 0.659597

0.574407 0.373002

0.544007 0.115882

0.309379 0.236236

0.689006 0.355431

0.673388 0.728438

Drop found: -1... #POS before: 6 and #POS after 5
1.67024
0.935937 0.234268

0.433398 0.923912

0.903024 0.169252

0.23742 0.439297

0.792138 0.430346

Drop found: -1... #POS before: 11 and #POS after 10
1.93852
0.581207 0.686831

0.432039 0.710951

0.378505 0.106522

0.493477 0.186051

0.228611 0.856693

0.0975411 0.797227

0.318468 0.795481

Drop found: -1... #POS before: 5 and #POS after 4
0.788005
0.313557 0.785583

0.281976 0.396557

0.493178 0.65899

0.600499 0.823802

0.762915 0.74472

0.858752 0.753243

0.464512 0.366337

0.546655 0.151485

0.579271 0.873137

0.221268 0.82994

Drop found: -2... #POS before: 22 and #POS after 20
4.06078
0.625247 0.530856

0.757667 0.414768

0.698748 0.709079

0.831601 0.238734

0.483437 0.16115

0.514787 0.241917

0.74468 0.627546

0.15859 0.727953

0.241426 0.352495

Drop found: -1... #POS before: 14 and #POS after 13
2.39605
0.586833 0.590392

0.879855 0.398631

0.511 0.00776737

0.0816702 0.168924

0.0823656 0.106362

0.699142 0.548688

0.485845 0.671704

Drop found: -1... #POS before: 22 and #POS after 21
3.3887
0.764362 0.318396

0.687948 0.697263

0.103732 0.1158

0.852277 0.681331

0.963745 0.355924

0.426606 0.311502

0.230597 0.968132

0.387842 0.467009

0.641071 0.195763

0.490581 0.110101

Drop found: -1... #POS before: 7 and #POS after 6
1.2154
0.61671 0.281166

0.38624 0.220393

0.029237 0.896897

0.772927 0.367868

0.957976 0.550501

0.0456919 0.831459

0.831345 0.361097

0.368184 0.442589

Drop found: -3... #POS before: 23 and #POS after 20
3.26687
0.633822 0.338221

0.389137 0.0310148

0.754327 0.393585

0.382576 0.906004

0.750557 0.324803

0.920294 0.634502

0.168238 0.204293

0.733432 0.234323

0.398356 0.727276

0.242873 0.19346

Drop found: -1... #POS before: 12 and #POS after 11
1.51611
0.163741 0.00742544

0.386511 0.311263

0.0833856 0.440162

0.718787 0.843568

0.829967 0.459553

0.134579 0.886615

0.361004 0.401672

Drop found: -1... #POS before: 3 and #POS after 2
0.579039
0.456982 0.248741

0.465361 0.277758

0.618257 0.96981

0.154315 0.691378

