Drop found: -1
0.823697 0.637104

0.291988 0.977049

0.655879 0.45153

0.572315 0.413715

0.708481 0.237776

0.975014 0.683164

0.56703 0.526465

Drop found: -1
0.580817 0.182997

0.41607 0.137139

0.86163 0.586014

0.435598 0.635845

0.544928 0.0751085

0.89856 0.387362

0.284483 0.220608

Drop found: -2
0.324843 0.575959

0.743027 0.593032

0.440854 0.068483

0.0189464 0.516169

0.897108 0.96346

0.333229 0.317056

Drop found: -1
0.394369 0.124558

0.657656 0.907311

0.0795448 0.534454

0.12132 0.667902

0.273315 0.434481

Drop found: -2
0.955767 0.452468

0.784059 0.874753

0.428627 0.364603

0.981607 0.454328

0.58716 0.915721

Drop found: -1
0.679918 0.817384

0.704108 0.873845

0.721828 0.575548

0.468947 0.290277

0.496433 0.0356098

0.457 0.858335

Drop found: -1
0.880149 0.458498

0.547209 0.463203

0.267159 0.0415275

0.696181 0.233427

0.520225 0.345128

0.397856 0.647575

Drop found: -1
0.868289 0.138726

0.581782 0.464041

0.892935 0.731921

0.804565 0.671626

0.167676 0.560162

Drop found: -1
0.960754 0.12136

0.416827 0.128777

0.57458 0.66547

0.576738 0.933149

0.296044 0.998413

Drop found: -2
0.569751 0.277143

0.959738 0.668487

0.501582 0.881086

0.644032 0.399373

0.593703 0.265105

0.445193 0.95321

