Drop found: -2... #POS before: 4 and #POS after 2
1.12527
0.892953 0.679305

0.858822 0.519148

0.849792 0.20363

0.739607 0.842331

Drop found: -1... #POS before: 20 and #POS after 19
2.58224
0.662725 0.435907

0.0866815 0.602897

0.0518429 0.885087

0.789083 0.570058

0.740993 0.968026

0.349171 0.522121

0.185856 0.186918

0.191432 0.725465

0.969438 0.641534

0.900632 0.918365

Drop found: -1... #POS before: 6 and #POS after 5
0.512266
0.454804 0.99294

0.902671 0.27972

0.690824 0.00228108

0.120837 0.0345531

0.906971 0.909986

0.11561 0.657146

0.564992 0.279521

0.614504 0.217124

0.215045 0.128131

0.289808 0.540779

Drop found: -1... #POS before: 9 and #POS after 8
1.02631
0.476973 0.378085

0.139073 0.178838

0.639728 0.161875

0.616438 0.319765

0.994612 0.93387

0.356326 0.318969

0.2579 0.879978

Drop found: -1... #POS before: 17 and #POS after 16
2.91988
0.398995 0.201957

0.717596 0.0214184

0.337098 0.500706

0.446497 0.339136

0.519292 0.739053

0.0481682 0.914094

0.0433544 0.665895

0.798141 0.611882

0.696182 0.971221

0.179481 0.564826

Drop found: -1... #POS before: 17 and #POS after 16
4.03017
0.75081 0.338789

0.64789 0.436501

0.167128 0.785346

0.533212 0.972087

0.468993 0.0578743

0.401927 0.0322157

0.781679 0.181012

0.559305 0.0560291

0.32741 0.548543

Drop found: -2... #POS before: 5 and #POS after 3
0.861628
0.951921 0.764324

0.242634 0.458069

0.557589 0.313152

0.881182 0.429258

0.93725 0.463319

0.795136 0.677554

0.53498 0.0908283

0.0859791 0.725249

Drop found: -1... #POS before: 38 and #POS after 37
5.87564
0.727898 0.186097

0.06773 0.293921

0.203574 0.595807

0.606302 0.689632

0.107759 0.357532

0.543274 0.664991

0.916938 0.874942

0.456495 0.701288

0.198328 0.32254

0.230976 0.210276

Drop found: -1... #POS before: 13 and #POS after 12
8.44069
0.499452 0.546662

0.166652 0.52053

0.424739 0.889453

0.883692 0.61044

0.488061 0.0720919

0.211658 0.413482

Drop found: -1... #POS before: 6 and #POS after 5
1.39066
0.717922 0.738328

0.48973 0.0016407

0.972408 0.664741

0.901174 0.784485

0.526416 0.917615

0.661577 0.0249094

0.412332 0.143794

Drop found: -2... #POS before: 29 and #POS after 27
9.9581
0.94543 0.889944

0.281795 0.0765944

0.130897 0.396591

0.434796 0.919674

0.937837 0.26566

0.667397 0.495312

0.587698 0.144338

0.0319843 0.266227

0.698817 0.117571

0.201969 0.15434

Drop found: -1... #POS before: 10 and #POS after 9
2.27819
0.638903 0.232938

0.688179 0.480511

0.89175 0.600342

0.665681 0.91719

0.910703 0.389037

0.887344 0.476542

0.195146 0.261408

0.932896 0.73245

0.858219 0.751269

Drop found: -1... #POS before: 13 and #POS after 12
2.24252
0.625588 0.0293243

0.653174 0.300837

0.23354 0.750303

0.0193478 0.832058

0.86616 0.310129

0.446734 0.980617

0.788415 0.208013

0.04173 0.657043

0.940503 0.527542

Drop found: -1... #POS before: 13 and #POS after 12
3.3708
0.992519 0.227644

0.656322 0.226858

0.719553 0.134639

0.971828 0.239082

0.935401 0.219069

0.397143 0.308405

Drop found: -1... #POS before: 12 and #POS after 11
3.3708
0.992519 0.227644

0.656322 0.226858

0.719553 0.134639

0.971828 0.239082

0.935401 0.219069

0.397143 0.308405

0.785229 0.383192

Drop found: -1... #POS before: 12 and #POS after 11
3.3708
0.992519 0.227644

0.656322 0.226858

0.719553 0.134639

0.971828 0.239082

0.935401 0.219069

0.397143 0.308405

0.785229 0.383192

0.11782 0.921299

0.574616 0.915059

Drop found: -1... #POS before: 47 and #POS after 46
5.85384
0.914535 0.715814

0.239926 0.956731

0.009499 0.00590341

0.146162 0.770248

0.653725 0.997536

0.549614 0.370813

0.785547 0.673663

0.624563 0.408656

0.244641 0.608671

Drop found: -1... #POS before: 20 and #POS after 19
1.50584
0.481917 0.694257

0.039375 0.153724

0.0513908 0.407969

0.763877 0.292211

0.684434 0.209967

0.759243 0.846719

0.0591499 0.188334

0.590074 0.836717

0.404186 0.907866

Drop found: -3... #POS before: 23 and #POS after 20
4.21786
0.738928 0.303419

0.847933 0.681517

0.786206 0.176867

0.500789 0.64704

0.284892 0.704836

0.66188 0.934958

0.338639 0.212984

0.866701 0.732507

0.692016 0.16584

0.274453 0.243438

Drop found: -1... #POS before: 6 and #POS after 5
1.0432
0.492457 0.071102

0.741838 0.478379

0.181193 0.98742

0.60377 0.0785658

0.159435 0.56989

0.347811 0.189755

Drop found: -1... #POS before: 8 and #POS after 7
2.20119
0.727497 0.152455

0.856046 0.455605

0.917722 0.877105

0.189425 0.629678

0.44149 0.307251

Drop found: -1... #POS before: 18 and #POS after 17
1.35184
0.958759 0.360418

0.88711 0.887739

0.288445 0.242825

0.404909 0.302615

0.0483616 0.0365368

0.817665 0.944173

0.491868 0.50287

0.327841 0.214111

0.14302 0.536531

Drop found: -1... #POS before: 14 and #POS after 13
2.99632
0.378708 0.130516

0.667437 0.244687

0.690896 0.125841

0.705969 0.783051

0.331363 0.62072

0.659355 0.566826

0.488638 0.130882

0.556799 0.960602

Drop found: -2... #POS before: 13 and #POS after 11
2.74752
0.190339 0.858481

0.87775 0.758647

0.274444 0.659885

0.628306 0.863332

0.687367 0.149185

0.877916 0.715737

0.979926 0.882669

0.297775 0.614357

Drop found: -1... #POS before: 10 and #POS after 9
2.74887
0.580776 0.190925

0.820062 0.939927

0.667989 0.0403985

0.597098 0.412394

0.836584 0.207773

0.839704 0.208806

0.575756 0.928065

Drop found: -1... #POS before: 14 and #POS after 13
2.34965
0.364806 0.319214

0.746105 0.2414

0.300181 0.414631

0.279417 0.404637

0.824893 0.863924

0.573185 0.932187

0.800882 0.875685

0.59193 0.0146059

0.151098 0.716349

Drop found: -1... #POS before: 4 and #POS after 3
0.636879
0.254388 0.271923

0.561579 0.643617

0.223109 0.355743

0.887403 0.641904

0.896925 0.320534

0.524108 0.342089

0.188093 0.58832

Drop found: -1... #POS before: 18 and #POS after 17
2.06282
0.332888 0.102534

0.909294 0.173706

0.263776 0.821135

0.750782 0.832763

0.807457 0.868176

0.336772 0.313072

0.997103 0.57174

0.854043 0.892695

0.219814 0.866041

Drop found: -1... #POS before: 6 and #POS after 5
1.89737
0.265626 0.958756

0.875487 0.961025

0.708949 0.422726

0.406591 0.44587

Drop found: -4... #POS before: 18 and #POS after 14
8.53353
0.927779 0.927307

0.24401 0.637944

0.79791 0.323638

0.777348 0.186466

0.838449 0.913633

0.299438 0.750561

0.388591 0.394037

Drop found: -1... #POS before: 3 and #POS after 2
0.697279
0.874841 0.460943

0.633253 0.168017

0.654435 0.563822

0.570856 0.714327

Drop found: -1... #POS before: 10 and #POS after 9
3.62635
0.900634 0.134179

0.82915 0.787708

0.350159 0.659699

0.725932 0.127924

0.85896 0.163614

0.642945 0.181775

0.508025 0.334114

Drop found: -1... #POS before: 9 and #POS after 8
3.10078
0.749004 0.54202

0.331522 0.491143

0.738633 0.690374

0.965494 0.522643

0.960579 0.300519

0.324679 0.833174

Drop found: -1... #POS before: 14 and #POS after 13
3.3174
0.767149 0.4733

0.759303 0.854915

0.513756 0.436406

0.475957 0.446783

0.364345 0.970834

0.96446 0.607072

0.706392 0.955577

Drop found: -1... #POS before: 12 and #POS after 11
3.98892
0.554123 0.656915

0.753722 0.51088

0.883208 0.644219

0.849314 0.446246

0.928028 0.624262

0.840033 0.872351

0.223588 0.825817

Drop found: -1... #POS before: 14 and #POS after 13
2.48359
0.485145 0.278794

0.723011 0.893418

0.853909 0.52659

0.248618 0.17546

0.518395 0.265878

0.0103732 0.838582

0.778502 0.639719

Drop found: -1... #POS before: 10 and #POS after 9
4.57014
0.00349367 0.744017

0.190169 0.761605

0.868718 0.828541

0.778167 0.960969

0.514015 0.490212

Drop found: -1... #POS before: 17 and #POS after 16
2.30531
0.744769 0.607568

0.90512 0.739134

0.530501 0.458689

0.504805 0.430614

0.26312 0.535168

0.344579 0.950449

0.247576 0.0957139

0.523085 0.712063

Drop found: -1... #POS before: 10 and #POS after 9
2.13051
0.683782 0.405243

0.78143 0.510324

0.0416165 0.218554

0.698701 0.81839

0.852319 0.80632

0.662618 0.923798

Drop found: -1... #POS before: 8 and #POS after 7
1.53554
0.751136 0.522465

0.727047 0.39308

0.68658 0.102072

0.319123 0.0997733

0.577756 0.711788

Drop found: -2... #POS before: 8 and #POS after 6
1.53554
0.751136 0.522465

0.727047 0.39308

0.68658 0.102072

0.319123 0.0997733

0.577756 0.711788

0.637286 0.438038

0.936111 0.695427

0.931051 0.528267

0.576424 0.783122

Drop found: -1... #POS before: 8 and #POS after 7
1.6463
0.945557 0.0241933

0.616838 0.540287

0.691611 0.0335115

0.505687 0.190297

0.71391 0.41739

0.766803 0.512391

0.963349 0.875965

0.22606 0.861106

Drop found: -1... #POS before: 26 and #POS after 25
2.46149
0.408658 0.511954

0.328546 0.227932

0.649452 0.714444

0.143129 0.637201

0.850954 0.609968

0.490418 0.124285

0.596089 0.260558

0.0652613 0.0887324

0.407817 0.768224

0.017922 0.783425

Drop found: -1... #POS before: 11 and #POS after 10
3.67468
0.704253 0.131958

0.839026 0.62189

0.0797788 0.489988

0.760728 0.874474

0.484021 0.261651

0.797661 0.242937

0.890726 0.571357

Drop found: -2... #POS before: 22 and #POS after 20
7.04562
0.378627 0.776507

0.660051 0.0795602

0.728902 0.0927678

0.370947 0.458571

0.995565 0.388308

0.0208266 0.478008

0.807473 0.714297

0.974307 0.536981

0.540965 0.850534

0.516321 0.154476

Drop found: -1... #POS before: 5 and #POS after 4
1.24475
0.294492 0.279103

0.669332 0.262045

0.697297 0.432267

0.661801 0.883782

Drop found: -1... #POS before: 25 and #POS after 24
4.05551
0.620177 0.204205

0.855653 0.254983

0.343036 0.8019

0.94355 0.880904

0.322615 0.0176045

0.837969 0.456923

0.44594 0.81898

0.207333 0.882515

0.000191171 0.74033

0.0511763 0.453183

Drop found: -1... #POS before: 6 and #POS after 5
0.983479
0.529197 0.237701

0.34565 0.151008

0.860653 0.97387

0.549858 0.954441

0.614777 0.359646

0.313714 0.739176

Drop found: -1... #POS before: 5 and #POS after 4
0.983479
0.529197 0.237701

0.34565 0.151008

0.860653 0.97387

0.549858 0.954441

0.614777 0.359646

0.313714 0.739176

0.603432 0.167134

0.484705 0.966747

Drop found: -4... #POS before: 18 and #POS after 14
1.57595
0.124439 0.0455665

0.772298 0.131642

0.114217 0.332186

0.618824 0.85516

0.506679 0.4573

0.658228 0.891747

0.297402 0.851371

0.352504 0.813191

0.600702 0.960849

Drop found: -1... #POS before: 13 and #POS after 12
8.14861
0.159605 0.841715

0.36643 0.0164828

0.0512867 0.746302

0.898387 0.143736

0.597035 0.906308

0.691398 0.358794

0.250985 0.626851

Drop found: -1... #POS before: 10 and #POS after 9
1.49665
0.369883 0.781544

0.668121 0.664022

0.107965 0.658049

0.927339 0.171037

0.00801796 0.581559

0.510353 0.518857

Drop found: -1... #POS before: 15 and #POS after 14
2.45097
0.558021 0.115348

0.818783 0.591919

0.803965 0.507002

0.627597 0.991068

0.736201 0.188896

0.190022 0.961993

0.66197 0.497092

0.685342 0.549642

Drop found: -4... #POS before: 14 and #POS after 10
2.45097
0.558021 0.115348

0.818783 0.591919

0.803965 0.507002

0.627597 0.991068

0.736201 0.188896

0.190022 0.961993

0.66197 0.497092

0.685342 0.549642

0.518078 0.616683

Drop found: -2... #POS before: 14 and #POS after 12
1.69023
0.2788 0.374495

0.00565047 0.793261

0.366086 0.678042

0.257974 0.330738

0.395519 0.168125

0.551067 0.304221

0.567316 0.271258

0.757684 0.294709

0.928317 0.985027

0.25043 0.878288

Drop found: -4... #POS before: 23 and #POS after 19
2.638
0.219553 0.275903

0.624555 0.477364

0.21884 0.769778

0.944131 0.863982

0.863179 0.779742

0.651511 0.0105437

0.330428 0.546108

0.0218559 0.731635

0.692249 0.797138

Drop found: -1... #POS before: 17 and #POS after 16
1.69697
0.343339 0.382018

0.720939 0.813766

0.863566 0.925011

0.364105 0.361198

0.0998226 0.175175

0.458257 0.684224

Drop found: -1... #POS before: 16 and #POS after 15
1.69697
0.343339 0.382018

0.720939 0.813766

0.863566 0.925011

0.364105 0.361198

0.0998226 0.175175

0.458257 0.684224

0.299408 0.822827

Drop found: -1... #POS before: 14 and #POS after 13
1.59107
0.658457 0.491726

0.179065 0.877183

0.429849 0.134252

0.801429 0.821289

0.911705 0.205702

0.917805 0.241733

0.845096 0.96116

0.0694327 0.443567

0.0590572 0.433619

0.755437 0.876587

Drop found: -1... #POS before: 12 and #POS after 11
1.87726
0.782108 0.306526

0.911331 0.425563

0.419789 0.253753

0.254375 0.0154746

0.643658 0.366886

0.708738 0.987609

Drop found: -1... #POS before: 16 and #POS after 15
1.87726
0.782108 0.306526

0.911331 0.425563

0.419789 0.253753

0.254375 0.0154746

0.643658 0.366886

0.708738 0.987609

0.575133 0.129454

0.045588 0.498943

0.553699 0.34653

0.746902 0.872701

Drop found: -1... #POS before: 7 and #POS after 6
3.07441
0.72507 0.28372

0.859905 0.289495

0.392481 0.680146

0.747277 0.00951667

0.566384 0.592422

0.677916 0.495299

Drop found: -1... #POS before: 5 and #POS after 4
1.60158
0.714036 0.308825

0.887085 0.485077

0.891736 0.536766

0.61772 0.653955

0.871799 0.0845682

0.206821 0.792704

Drop found: -1... #POS before: 13 and #POS after 12
1.31746
0.34182 0.258916

0.858205 0.935525

0.318422 0.371636

0.296881 0.476575

0.384363 0.600078

0.603967 0.604986

0.934934 0.675659

0.141758 0.483512

Drop found: -1... #POS before: 30 and #POS after 29
3.5147
0.728986 0.656584

0.765793 0.224958

0.222286 0.921163

0.73211 0.731843

0.473833 0.475943

0.495135 0.527585

0.3591 0.888644

0.915109 0.934821

0.0568947 0.81362

0.665086 0.93836

Drop found: -1... #POS before: 11 and #POS after 10
1.56668
0.161522 0.425237

0.94826 0.672474

0.975292 0.358365

0.267694 0.599524

0.373224 0.792546

0.741534 0.470613

0.267748 0.0830316

Drop found: -3... #POS before: 19 and #POS after 16
6.54204
0.855193 0.215562

0.595115 0.182778

0.955533 0.8607

0.0700716 0.695475

0.0704602 0.555133

0.169811 0.790688

0.730247 0.983305

0.280418 0.872647

0.404593 0.521577

Drop found: -1... #POS before: 12 and #POS after 11
1.90952
0.70376 0.280878

0.91856 0.270444

0.396523 0.263951

0.710591 0.604651

0.316914 0.047921

0.812687 0.317606

0.75381 0.896096

0.623944 0.688808

Drop found: -1... #POS before: 18 and #POS after 17
3.61026
0.541325 0.838188

0.930858 0.578742

0.0964228 0.369359

0.480745 0.905868

0.0358184 0.435187

0.912599 0.226566

0.250167 0.378759

0.480259 0.357816

Drop found: -1... #POS before: 7 and #POS after 6
0.72153
0.0652939 0.529035

0.487486 0.520947

0.461342 0.298944

0.136075 0.282135

0.113032 0.524928

Drop found: -1... #POS before: 21 and #POS after 20
3.9279
0.596738 0.0885219

0.80441 0.573995

0.529724 0.782742

0.541141 0.359901

0.411753 0.0319573

0.595161 0.378607

0.328865 0.516635

0.218966 0.758994

0.910779 0.93786

0.8655 0.478933

Drop found: -3... #POS before: 18 and #POS after 15
2.29146
0.10597 0.678247

0.747874 0.626349

0.311603 0.461271

0.634534 0.454372

0.662361 0.477205

0.808931 0.75441

0.517735 0.891957

Drop found: -3... #POS before: 15 and #POS after 12
1.7211
0.242526 0.127203

0.904229 0.858714

0.17448 0.409495

0.471486 0.300231

0.695695 0.419949

0.609012 0.631894

0.259194 0.863777

Drop found: -2... #POS before: 14 and #POS after 12
1.7211
0.242526 0.127203

0.904229 0.858714

0.17448 0.409495

0.471486 0.300231

0.695695 0.419949

0.609012 0.631894

0.259194 0.863777

0.109514 0.641094

0.851073 0.993532

Drop found: -1... #POS before: 15 and #POS after 14
2.71723
0.746919 0.964603

0.727677 0.12985

0.858836 0.760442

0.846799 0.724885

0.378555 0.456561

0.682028 0.465832

0.107432 0.884415

Drop found: -1... #POS before: 8 and #POS after 7
1.94316
0.985552 0.648644

0.347139 0.0816399

0.310278 0.945974

0.798256 0.544735

0.611087 0.576525

0.588103 0.65327

Drop found: -1... #POS before: 26 and #POS after 25
9.55105
0.482554 0.0820559

0.938079 0.315037

0.0488838 0.451365

0.00964589 0.1701

0.301068 0.52018

0.784756 0.483558

0.274447 0.216704

0.43595 0.824221

0.417609 0.131839

Drop found: -1... #POS before: 10 and #POS after 9
3.59154
0.136021 0.734969

0.969984 0.816514

0.115916 0.750232

0.877759 0.105956

0.915666 0.185988

0.503477 0.463699

Drop found: -1... #POS before: 18 and #POS after 17
4.40154
0.190794 0.552296

0.293231 0.660541

0.443831 0.650471

0.0228576 0.433511

0.805336 0.494452

0.713205 0.750761

0.598418 0.292585

0.222201 0.2944

Drop found: -1... #POS before: 7 and #POS after 6
1.16478
0.355464 0.044855

0.979116 0.835329

0.804926 0.954976

0.523375 0.19292

0.969134 0.337489

0.928228 0.216909

0.534516 0.782313

0.457271 0.606227

Drop found: -5... #POS before: 23 and #POS after 18
2.75851
0.457811 0.541474

0.471655 0.373689

0.33151 0.165366

0.863304 0.757117

0.985194 0.864303

0.67321 0.72944

0.290395 0.560806

0.560203 0.850127

Drop found: -1... #POS before: 21 and #POS after 20
8.58616
0.916117 0.908805

0.518709 0.156714

0.873792 0.0213448

0.18777 0.973604

0.0772132 0.514408

0.805361 0.22722

0.760136 0.702397

0.757156 0.274413

0.285024 0.941673

0.497473 0.429682

Drop found: -1... #POS before: 23 and #POS after 22
4.81194
0.246671 0.736509

0.746098 0.639373

0.119047 0.817343

0.70293 0.694679

0.730579 0.743917

0.980828 0.0904078

0.0538713 0.43893

0.155923 0.5766

0.570137 0.271623

Drop found: -1... #POS before: 8 and #POS after 7
0.723367
0.562818 0.406482

0.696808 0.978668

0.881096 0.964469

0.713333 0.861082

0.0946541 0.165803

0.988772 0.462844

0.582435 0.625668

0.480253 0.354689

0.582071 0.787137

0.147609 0.754657

Drop found: -2... #POS before: 22 and #POS after 20
1.80881
0.404371 0.450216

0.161593 0.718714

0.68358 0.810393

0.143826 0.125323

0.833092 0.357621

0.598494 0.126261

0.862912 0.999145

0.341117 0.333127

0.271165 0.118229

0.33948 0.558686

Drop found: -1... #POS before: 34 and #POS after 33
8.61201
0.315966 0.668296

0.92812 0.860106

0.987128 0.908808

0.57932 0.0270731

0.483836 0.72927

0.41167 0.948195

0.0667014 0.549976

0.75918 0.855633

0.206807 0.274194

Drop found: -2... #POS before: 8 and #POS after 6
1.75601
0.545168 0.119482

0.627662 0.221064

0.943616 0.602586

0.778554 0.288574

0.319141 0.836172

Drop found: -1... #POS before: 17 and #POS after 16
4.43167
0.357082 0.815847

0.165351 0.960802

0.866021 0.74947

0.148051 0.891029

0.194328 0.893827

0.824465 0.444096

0.825883 0.839762

0.804457 0.016894

0.734492 0.847317

0.362716 0.8057

Drop found: -1... #POS before: 8 and #POS after 7
1.03149
0.391475 0.783272

0.410779 0.254295

0.639492 0.0611534

0.224093 0.140817

0.804533 0.884763

0.423566 0.564624

0.856438 0.660671

0.878485 0.532731

0.181549 0.741518

0.186217 0.190071

Drop found: -1... #POS before: 14 and #POS after 13
2.99738
0.872732 0.399769

0.913765 0.953106

0.948422 0.725752

0.460184 0.619082

0.554193 0.877407

0.760095 0.341932

0.268075 0.916167

Drop found: -2... #POS before: 18 and #POS after 16
2.31856
0.301519 0.0741504

0.37102 0.780979

0.874835 0.541692

0.471657 0.288932

0.355247 0.0822488

0.697147 0.505613

0.178944 0.353927

Drop found: -1... #POS before: 9 and #POS after 8
1.60185
0.191136 0.0987086

0.694513 0.181064

0.642069 0.414023

0.624476 0.170676

0.736533 0.920702

0.154242 0.457675

Drop found: -1... #POS before: 11 and #POS after 10
1.40598
0.458481 0.868077

0.475728 0.129503

0.597946 0.77035

0.150135 0.497131

0.817251 0.971283

0.272084 0.92335

0.394774 0.58301

0.18677 0.405628

Drop found: -1... #POS before: 5 and #POS after 4
1.1911
0.689965 0.592125

0.269684 0.78091

0.932494 0.509855

0.881224 0.955428

0.561735 0.715283

Drop found: -3... #POS before: 18 and #POS after 15
2.73746
0.54688 0.384871

0.377791 0.154052

0.378801 0.752071

0.0341491 0.629662

0.977748 0.718053

0.928717 0.63167

0.861257 0.834948

Drop found: -1... #POS before: 11 and #POS after 10
1.93334
0.85763 0.701629

0.550877 0.944263

0.142434 0.402035

0.362757 0.696351

0.515202 0.463419

0.702129 0.0101341

0.755138 0.806949

0.282247 0.218043

Drop found: -1... #POS before: 22 and #POS after 21
2.7959
0.818806 0.975731

0.452349 0.0180134

0.447477 0.288431

0.813595 0.992107

0.560189 0.815518

0.536894 0.562488

0.885745 0.194095

0.798216 0.776163

0.541306 0.893238

Drop found: -1... #POS before: 27 and #POS after 26
3.86286
0.584615 0.971002

0.622962 0.803342

0.282742 0.531305

0.995652 0.421318

0.629642 0.74009

0.624676 0.639884

0.16692 0.0195773

0.811313 0.208402

0.51676 0.126302

0.677749 0.237818

Drop found: -1... #POS before: 11 and #POS after 10
1.88164
0.947771 0.969419

0.350247 0.913603

0.199792 0.94182

0.663819 0.249003

0.951601 0.604851

0.20549 0.779003

0.839021 0.384863

0.842555 0.457182

0.85436 0.492473

0.375603 0.371673

Drop found: -2... #POS before: 19 and #POS after 17
3.46724
0.596874 0.394804

0.16693 0.970411

0.942421 0.687185

0.244588 0.449187

0.239779 0.625451

0.21834 0.730327

0.992587 0.504744

0.584393 0.331571

0.427264 0.376778

0.876139 0.983472

Drop found: -1... #POS before: 14 and #POS after 13
3.80409
0.388599 0.856392

0.777116 0.924199

0.377767 0.842219

0.292264 0.904931

0.587971 0.162511

0.48538 0.815562

0.886518 0.449637

0.362887 0.880212

0.582455 0.475086

Drop found: -2... #POS before: 27 and #POS after 25
3.39273
0.434659 0.291115

0.575804 0.364895

0.9667 0.622101

0.372145 0.625581

0.81173 0.367008

0.558604 0.435628

0.493594 0.825523

0.951637 0.525183

0.583092 0.583333

Drop found: -1... #POS before: 23 and #POS after 22
2.22323
0.202627 0.81872

0.195543 0.0402012

0.306401 0.269272

0.663622 0.81365

0.56426 0.4117

0.30541 0.506523

0.227048 0.690388

0.423806 0.335812

0.300145 0.0824244

0.179148 0.905102

Drop found: -2... #POS before: 11 and #POS after 9
2.03534
0.956433 0.58471

0.839275 0.667802

0.0677483 0.627302

0.00522324 0.666145

0.277662 0.954462

0.411321 0.898349

0.881816 0.687235

0.79907 0.883231

Drop found: -1... #POS before: 3 and #POS after 2
0.963897
0.607316 0.346786

0.580732 0.0356617

0.500347 0.393843

Drop found: -1... #POS before: 25 and #POS after 24
1.98925
0.864314 0.673259

0.271887 0.808676

0.765277 0.491702

0.917559 0.468018

0.422243 0.505735

0.0177197 0.103679

0.794967 0.213296

0.20402 0.317387

0.113997 0.699051

0.409667 0.300882

Drop found: -1... #POS before: 5 and #POS after 4
0.877182
0.294266 0.273108

0.762508 0.354425

0.644856 0.359926

0.578615 0.041141

0.733802 0.798311

0.769408 0.400922

0.860278 0.99715

0.205538 0.894319

Drop found: -1... #POS before: 5 and #POS after 4
1.43771
0.797426 0.654899

0.538624 0.230569

0.753465 0.38552

0.581438 0.117035

0.885832 0.217776

0.646506 0.84739

0.52551 0.52201

Drop found: -2... #POS before: 22 and #POS after 20
2.34256
0.671639 0.290548

0.0393754 0.0271183

0.587483 0.231982

0.781018 0.0197486

0.531481 0.579761

0.818117 0.0107737

0.373997 0.530284

0.902252 0.740337

0.743559 0.52308

0.545468 0.351892

Drop found: -2... #POS before: 13 and #POS after 11
0.745348
0.251723 0.374801

0.114538 0.322732

0.269629 0.661308

0.139662 0.065238

0.145325 0.0771972

0.125651 0.660662

0.468775 0.0527969

0.492661 0.506875

0.386071 0.977881

Drop found: -2... #POS before: 15 and #POS after 13
4.29807
0.918105 0.20436

0.571178 0.713581

0.894112 0.177548

0.0766085 0.861658

0.710624 0.146811

0.934423 0.859206

0.689627 0.531529

Drop found: -2... #POS before: 15 and #POS after 13
4.29807
0.918105 0.20436

0.571178 0.713581

0.894112 0.177548

0.0766085 0.861658

0.710624 0.146811

0.934423 0.859206

0.689627 0.531529

0.137436 0.980851

0.346384 0.735019

Drop found: -6... #POS before: 37 and #POS after 31
3.09403
0.395681 0.560969

0.548358 0.421942

0.701389 0.562937

0.333331 0.33859

0.249167 0.208501

0.557155 0.584644

0.731718 0.880685

0.43674 0.409396

0.643757 0.977623

Drop found: -2... #POS before: 31 and #POS after 29
3.09403
0.395681 0.560969

0.548358 0.421942

0.701389 0.562937

0.333331 0.33859

0.249167 0.208501

0.557155 0.584644

0.731718 0.880685

0.43674 0.409396

0.643757 0.977623

0.243055 0.892082

Drop found: -2... #POS before: 15 and #POS after 13
1.63607
0.194772 0.115625

0.0137173 0.700302

0.724015 0.656976

0.810201 0.418999

0.79283 0.815599

0.267869 0.41531

0.0926748 0.398637

0.150152 0.155693

Drop found: -1... #POS before: 24 and #POS after 23
2.79491
0.338293 0.15107

0.162802 0.0523954

0.642816 0.811505

0.559851 0.576095

0.628169 0.387904

0.441963 0.950143

0.813253 0.529837

0.171246 0.685965

0.489142 0.523117

Drop found: -3... #POS before: 38 and #POS after 35
5.14424
0.132679 0.927814

0.277874 0.759021

0.157507 0.498615

0.372857 0.775085

0.0610627 0.495463

0.763969 0.567847

0.342111 0.68878

0.239665 0.558744

0.937156 0.742313

0.43795 0.401716

Drop found: -2... #POS before: 6 and #POS after 4
1.13106
0.491555 0.0427732

0.638872 0.790191

0.495128 0.328954

0.533195 0.950399

0.698979 0.387927

0.267753 0.426721

Drop found: -2... #POS before: 6 and #POS after 4
0.579996
0.838907 0.793127

0.411423 0.594497

0.357094 0.25928

0.975614 0.657063

0.0380753 0.104095

0.225081 0.811932

Drop found: -1... #POS before: 8 and #POS after 7
1.5378
0.335884 0.109323

0.975377 0.366228

0.544302 0.256802

0.755906 0.202909

0.602415 0.855513

Drop found: -1... #POS before: 19 and #POS after 18
3.1706
0.802434 0.347175

0.204581 0.624062

0.964891 0.419966

0.47413 0.425317

0.609939 0.308589

0.431965 0.0569114

0.536752 0.0859345

0.190801 0.213861

Drop found: -1... #POS before: 24 and #POS after 23
7.35044
0.227581 0.822702

0.462513 0.0718559

0.896732 0.433228

0.112128 0.631354

0.146828 0.55329

0.981633 0.953774

0.0822765 0.338693

0.411547 0.252332

0.415526 0.0525489

0.214961 0.291846

Drop found: -3... #POS before: 7 and #POS after 4
0.990553
0.716474 0.517263

0.860717 0.142173

0.882595 0.554992

0.727778 0.527096

0.1049 0.454265

0.649763 0.800155

Drop found: -1... #POS before: 30 and #POS after 29
6.33091
0.224615 0.884134

0.984772 0.664634

0.0352698 0.559456

0.0528905 0.382323

0.815276 0.202984

0.86934 0.704086

0.0376098 0.735859

0.0487637 0.12907

0.904506 0.836818

0.491803 0.337664

Drop found: -1... #POS before: 12 and #POS after 11
2.74892
0.0216988 0.716936

0.397363 0.252356

0.626832 0.13866

0.90866 0.974082

0.461071 0.75895

0.215966 0.574908

0.753197 0.248435

0.913962 0.662102

0.356505 0.436673

Drop found: -1... #POS before: 9 and #POS after 8
3.05257
0.966282 0.406616

0.0067905 0.714093

0.96999 0.835707

0.850467 0.0296865

0.585388 0.624568

Drop found: -1... #POS before: 11 and #POS after 10
1.33512
0.419731 0.455222

0.877311 0.823366

0.280196 0.163596

0.494667 0.463516

0.0503602 0.870441

0.261218 0.598231

Drop found: -2... #POS before: 10 and #POS after 8
1.33512
0.419731 0.455222

0.877311 0.823366

0.280196 0.163596

0.494667 0.463516

0.0503602 0.870441

0.261218 0.598231

0.3351 0.922411

Drop found: -1... #POS before: 10 and #POS after 9
3.10773
0.61549 0.92932

0.109044 0.815575

0.827362 0.427751

0.421925 0.958128

0.729419 0.611333

0.756507 0.0541524

0.826541 0.0116853

0.639551 0.388698

0.623824 0.702687

Drop found: -2... #POS before: 4 and #POS after 2
0.743954
0.845574 0.0437653

0.742678 0.388044

0.563105 0.090618

0.542584 0.0664451

0.800329 0.951734

0.273587 0.467637

Drop found: -3... #POS before: 22 and #POS after 19
2.02092
0.537217 0.799604

0.525807 0.856696

0.597576 0.917835

0.0246218 0.137609

0.636713 0.765722

0.524192 0.794304

0.523023 0.307874

0.819564 0.30883

0.603813 0.00906374

0.471757 0.916294

Drop found: -1... #POS before: 7 and #POS after 6
1.14418
0.519489 0.158137

0.839615 0.287969

0.332462 0.0815467

0.678841 0.377518

0.845407 0.642155

0.863932 0.183661

0.335554 0.503931

0.506135 0.987771

Drop found: -2... #POS before: 17 and #POS after 15
2.40749
0.525153 0.218408

0.891554 0.360205

0.433807 0.121471

0.233393 0.735206

0.6081 0.359466

0.77283 0.220064

0.3328 0.0328644

0.28625 0.730921

Drop found: -2... #POS before: 17 and #POS after 15
1.96547
0.304913 0.230953

0.587245 0.255033

0.401119 0.62872

0.756913 0.387177

0.164919 0.284613

0.728419 0.179519

0.776441 0.180114

0.296445 0.143785

0.269994 0.0266898

0.644639 0.549726

