0.997843
0.998793
0.998951
0.792945
0.77264
0.997662
0.83682
0.916247
0.999022
0.99885
0.996669
0.637363
0.873741
0.998847
0.998556
0.998819
0.99588
0.99915
0.685714
0.983345
0.998992
0.997196
0.998893
0.998421
0.998904
0.998862
0.971214
0.998094
0.99886
0.47841
0.998883
0.979592
0.996063
0.993896
0.963303
0.998344
0.9989
0.997916
0.998942
0.258065
0.678201
0.74359
0.999075
0.996112
0.998755
0.998802
0.987974
0.695261
0.773212
0.998209
0.905692
0.41483
0.998706
0.998992
0.998675
0.484305
0.99904
0.822976
0.997922
0.972603
0.99767
0.998955
0.998621
0.997746
0.948295
0.965517
0.998608
0.998788
0.999117
0.996855
0.25
0.638978
0.393029
0.998426
0.988833
0.998622
0.582507
0.377863
0.998061
0.998937
0.967548
0.400596
0.851931
0.998031
0.980676
0.179487
0.999079
0.48956
0.997314
0.230118
0.99916
0.998926
0.996779
0.995455
0.982964
0.297277
0.998883
0.998916
0.205298
0.16092
0.998978
0.946809
0.962884
0.67194
0.998629
0.998381
0.209302
0.998768
0.764286
0.904249
0.998988
0.5803
0.767029
0.801897
0.994264
0.99812
0.363723
0.999125
0.990119
0.998665
0.994695
0.996831
0.99678
0.960331
0.790323
0.998978
0.998905
0.995246
0.997265
0.999022
0.997795
0.985075
0.998378
0.827957
0.999107
0.125
0.914252
0.999121
0.998431
0.84058
0.99908
0.888365
0.998257
0.954574
0.365591
0.149236
0.946667
0.998283
0.99908
0.999126
0.997286
0.414048
0.998853
0.998999
0.998749
0.99862
0.99927
0.998253
0.997436
0.998784
0.784536
0.720625
0.998829
0.999411
0.999268
0.998111
0.649583
0.417108
0.980908
0.998454
0.99832
0.999292
0.987823
0.999007
0.950467
0.99923
0.999037
0.998888
0.998904
0.998976
0.998852
0.99845
0.98521
0.998425
0.715352
0.998535
0.999159
0.928108
0.998907
0.99906
0.996652
0.975024
0.998566
0.185874
0.998733
0.999003
0.98916
0.759628
0.998571
0.988964
0.998917
0.982359
0.985526
0.929844
0.999086
0.998862
0.310845
0.99898
0.998612
0.998643
0.998301
0.998314
0.998742
0.996224
0.998894
0.999163
0.990202
0.998635
0.998869
0.998937
0.917015
0.548656
0.783865
0.998396
0.992477
0.999034
0.999086
0.576865
0.998912
0.996517
0.998831
0.680769
0.990331
0.998181
0.998713
0.998786
0.998753
0.999
0.74356
0.998339
0.99783
0.451466
0.170159
0.946507
0.998586
0.999019
0.833549
0.991322
0.960946
0.998792
0.998978
0.763027
0.998641
0.998603
0.783673
0.163517
0.998263
0.998527
0.998638
0.924965
0.999065
0.998524
0.998481
0.840874
0.7
0.749296
0.991748
0.942918
0.998968
0.517619
0.998419
0.996629
0.998975
0.803457
0.818697
0.918758
0.982157
0.619865
0.987273
0.700599
0.962175
0.999017
0.998804
0.999099
0.99667
0.998775
0.992857
0.999016
0.813051
0.999181
0.999005
0.998788
0.889655
0.932704
0.998913
0.995838
0.518365
0.998389
0.998946
0.99867
0.998576
0.949408
0.999098
0.999075
0.998793
0.957731
0.342142
0.938263
0.900156
0.957265
0.999202
0.960403
0.998104
0.99866
0.993163
0.998857
0.999273
0.964815
0.987326
0.745098
0.997538
0.989783
0.999115
0.998841
0.911129
0.99877
0.713333
0.998865
0.0524862
0.991389
0.99861
0.998265
0.878224
0.989791
0.999115
0.59765
0.435268
0.26477
0.642211
0.971698
0.906024
0.998953
0.999128
0.998968
0.998929
0.998404
0.0610329
0.029347
0.999228
0.99841
0.999139
0.97513
0.968085
0.998908
0.999006
0.91381
0.999257
0.99896
0.0615627
0.99912
0.999098
0.998773
0.273973
0.998834
0.999105
0.902439
0.858852
0.99877
0.998819
0.99298
0.994486
0.764873
0.999031
0.997843
0.993421
0.6
0.999024
0.742627
0.99813
0.99915
0.998763
0.970874
0.999038
0.999088
0.998182
0.470326
0.997947
0.998783
0.998815
0.998818
0.975328
0.999173
0.974314
0.987928
0.999141
0.998884
0.998445
0.999086
0.997779
0.571014
0.998896
0.522145
0.998867
0.998812
0.858407
0.861547
0.998372
0.885429
0.998998
0.999234
0.99836
0.967253
0.989578
0.998742
0.901639
0.998959
0.275055
0.961761
0.999022
0.999033
0.99881
0.988389
0.999043
0.943662
0.86478
0.755906
0.842397
0.375152
0.999014
0.998672
0.520782
0.394993
0.986071
0.985003
0.999086
0.998723
0.99803
0.992095
0.998766
0.96134
0.980417
0.998911
0.986054
0.987743
0.982738
0.998586
0.999179
0.997654
0.990991
0.999077
0.998878
0.931014
0.187718
0.101112
0.981725
0.999083
0.998918
0.411305
0.997291
0.998821
0.998015
0.100402
0.999088
0.998673
0.998973
0.999197
0.999004
0.996863
0.934706
0.999004
0.601911
0.999055
0.889189
0.998729
0.999224
0.310198
0.998984
0.949438
0.955429
0.997618
0.464983
0.999001
0.184211
0.815857
0.998398
0.875161
0.998634
0.998762
0.998319
0.999083
0.998399
0.937873
0.998576
0.998444
0.999159
0.99851
0.997859
0.99865
0.999173
0.803265
0.999005
0.998973
0.998944
0.998956
0.999043
0.585443
0.999159
0.987069
0.999002
0.998282
0.821526
0.999261
0.999038
0.99859
0.95545
0.133333
0.997693
0.998926
0.861825
0.857268
0.908819
0.999044
0.99663
0.998967
0.999021
0.999021
0.974476
0.998965
0.998999
0.998966
0.998036
0.96683
0.998939
0.999248
0.998576
0.993762
0.949734
0.96281
0.311744
0.996988
0.989328
0.998969
0.998968
0.665423
0.998365
0.37224
0.737878
0.999063
0.957173
0.99913
0.998974
0.553681
0.99548
0.970029
0.996296
0.963944
0.998428
0.466718
0.54277
0.983015
0.998528
0.777027
0.998954
0.998293
0.822057
0.668186
0.999019
0.307692
0.474576
0.98082
0.938053
0.904415
0.555793
0.998239
0.258537
0.999106
0.99851
0.249824
0.999132
0.998605
0.998424
0.998221
0.994458
0.958851
0.296804
0.994025
0.669179
0.998377
0.986968
0.311178
0.998567
0.998817
0.999083
0.926104
0.99397
0.950333
0.990184
0.999129
0.998837
0.978261
0.968032
0.998994
0.197895
0.667683
0.977376
0.998939
0.47451
0.999192
0.99492
0.940397
0.999013
0.999149
0.999036
0.9989
0.99903
0.998869
0.994797
0.857143
0.999288
0.998789
0.959381
0.998462
0.503556
0.992857
0.974898
0.998974
0.428422
0.387755
0.972376
0.996308
0.99898
0.998379
0.275154
0.998915
0.828927
0.989784
0.9988
0.998437
0.999304
0.992524
0.99895
0.586364
0.998877
0.99929
0.850717
0.955307
0.391133
0.999107
0.99901
0.671128
0.897629
0.923691
0.998902
0.998802
0.931056
0.998943
0.563424
0.999153
0.976428
0.999083
0.999086
0.477887
0.998798
0.96645
0.999166
0.993218
0.999019
0.985962
0.99898
0.231689
0.96284
0.998688
0.998353
0.999143
0.999053
0.997525
0.999325
0.999133
0.998465
0.995842
0.998324
0.799417
0.999017
0.999009
0.99895
0.997361
0.998676
0.999184
0.952195
0.996819
0.97307
0.984589
0.999014
0.130682
0.990043
0.61165
0.999015
0.435644
0.930207
0.998998
0.998956
0.687623
0.903406
0.433628
0.998741
0.995087
0.999037
0.276596
0.71223
0.646143
0.902913
0.941554
0.998227
0.998942
0.731222
0.999112
0.99918
0.99858
0.998944
0.687204
0.9278
0.999159
0.661368
0.998921
0.997559
0.995493
0.413605
0.999111
0.869289
0.998925
0.972084
0.998168
0.999021
0.998847
0.998659
0.998326
0.998933
0.9989
0.838951
0.664013
0.685811
0.998909
0.965517
0.99924
0.998233
0.995429
0.989919
0.995704
0.998888
0.914894
0.998945
0.503226
0.825083
0.968
0.993576
0.74026
0.88999
0.999099
0.998971
0.998871
0.998204
0.999139
0.538874
0.717949
0.937811
0.965583
0.99896
0.840927
0.998941
0.999086
0.107317
0.997357
0.999173
0.762632
0.999061
0.336236
0.668508
0.996828
0.998577
0.998597
0.996829
0.893891
0.998974
0.998635
0.99899
0.998134
0.95525
0.998479
0.764444
0.995671
0.998871
0.92387
0.998945
0.998905
0.994148
0.618855
0.998117
0.999115
0.999182
0.988487
0.937123
0.621429
0.998676
0.764061
0.998436
0.96549
0.995943
0.972731
0.998438
0.998706
0.998785
0.997764
0.998229
0.452806
0.99896
0.530738
0.999093
0.99655
0.998593
0.999079
0.999213
0.998724
0.998514
0.96303
0.19337
0.875
0.969561
0.996672
0.998602
0.994286
0.877612
0.945607
0.999274
0.945012
0.998344
0.999127
0.965068
0.849026
0.959119
0.360735
0.997454
0.904289
0.661417
0.999166
0.99904
0.999122
0.999096
0.999097
0.998061
0.999106
0.981667
0.998956
0.982723
0.998935
0.998913
0.998967
0.998612
0.999053
0.995139
0.972419
0.998295
0.999182
0.998736
0.958732
0.998497
0.999122
0.995645
0.998429
0.999149
0.998312
0.667752
0.949445
0.999204
0.995888
0.956716
0.999142
0.999002
0.998009
0.9991
0.999161
0.974334
0.999002
0.998201
0.997943
0.802043
0.301042
0.802317
0.898159
0.998386
0.998876
0.991256
0.968226
0.998921
0.875504
0.999016
0.998963
0.999202
0.998695
0.788201
0.607843
0.998941
0.778883
0.998995
0.893385
0.880184
0.997205
0.304284
0.212242
0.92638
0.999095
0.998934
0.999275
0.0145379
0.998989
0.982684
0.0483871
0.999026
0.98895
0.995812
0.91247
0.998863
0.997688
0.993571
0.993197
0.824045
0.998934
0.890402
0.999113
0.999193
0.577982
0.368272
0.998601
0.999357
0.990033
0.998757
0.998309
0.999056
0.999146
0.999065
0.871074
0.98487
0.997138
0.998493
0.998448
0.998996
0.998817
0.998498
0.999059
0.975872
0.99908
0.999043
0.99897
0.996154
0.998873
0.998985
0.961892
0.998432
0.998981
0.998853
0.994725
0.641221
0.752493
0.998976
0.384181
0.116981
0.999118
0.998829
0.999001
0.550402
0.578475
0.997677
0.999126
0.998941
0.992608
0.710051
0.996584
0.135965
0.983566
0.294323
0.998852
0.808571
0.998919
0.969136
0.998864
0.998853
0.994505
0.793333
0.918984
0.998862
0.9988
0.444444
0.966275
0.998377
0.953077
0.787629
0.998551
0.998426
0.998823
0.563567
0.999026
0.998992
0.999006
0.998335
0.548718
0.870504
0.999023
0.997952
0.997528
0.0398724
0.998354
0.838428
0.998591
0.999186
0.985262
0.945382
0.999251
0.955526
0.89626
0.982979
0.614907
0.867804
0.998832
0.998965
0.16441
0.869091
0.993548
0.863585
0.741525
0.736704
0.998894
0.998976
0.449393
0.999108
0.613949
0.997823
0.997457
0.998802
0.999127
0.933066
0.143921
0.964033
0.999023
0.998845
0.998834
0.999024
0.999106
0.9884
0.235088
0.982285
0.997001
0.998704
0.848677
0.998751
0.9907
0.667226
0.999092
0.99908
0.936463
0.999027
0.281457
0.999068
0.999224
0.999032
0.362218
0.997888
0.999054
0.998758
0.998921
0.999027
0.123848
0.998377
0.719269
0.998581
0.998989
0.0096463
0.997204
0.996687
0.999123
0.999295
0.998996
0.998926
0.899035
0.932998
0.571066
0.118812
0.998541
0.993911
0.793939
0.998384
0.946401
0.728763
0.941486
0.995754
0.998262
0.999078
0.807818
0.942755
0.635338
0.681818
0.999271
0.999003
0.978386
0.961092
0.999007
0.988703
0.999039
0.758276
0.999162
0.597662
0.998019
0.439508
0.999153
0.997118
0.999171
0.998303
0.998542
0.99357
0.925248
0.572773
0.980486
0.999076
0.996058
0.998947
0.998971
0.996275
0.353535
0.961803
0.591085
0.999081
0.720361
0.215584
0.326473
0.998088
0.999147
0.998991
0.998829
0.998962
0.981056
0.999117
0.998336
0.837838
0.998442
0.999107
0.956667
0.863014
0.96771
0.980198
0.9991
0.999221
0.985348
0.998847
0.983528
0.999325
0.999056
0.99909
0.121951
0.167051
0.998831
0.999171
0.998886
0.998943
0.998881
0.998316
0.998856
0.96977
0.999055
0.999038
0.915094
0.988135
0.998564
0.751212
0.998837
0.999121
0.986771
0.998821
0.996066
0.786196
0.998962
0.998601
0.762075
0.995065
0.999043
0.999143
0.998636
0.996923
0.999124
0.999047
0.0845384
0.939832
0.998745
0.998753
0.827626
0.993336
0.999231
0.307065
0.998982
0.999053
0.998769
0.999334
0.804545
0.948522
0.995673
0.999124
0.981457
0.998801
0.283951
0.0774042
0.823023
0.999143
0.998905
0.999058
0.998991
0.998012
0.999042
0.22619
0.99505
0.965858
0.995346
0.998932
0.999154
0.995747
0.999338
0.973094
0.999088
0.998647
0.999018
0.998975
0.999161
0.962324
0.987775
0.777649
0.999005
0.998836
0.990936
0.985607
0.722222
0.790954
0.999129
0.998722
0.999099
0.96062
0.878229
0.996433
0.99896
0.990066
0.99796
0.836482
0.998996
0.474576
0.998652
0.998239
0.562975
0.99895
0.9985
0.998205
0.9961
0.768278
0.99902
0.998486
0.251309
0.809878
0.99902
0.794643
0.998891
0.960991
0.993808
0.177062
0.999014
0.772139
0.999044
0.934066
0.672072
0.998948
0.515152
0.56578
0.997942
0.999066
0.930328
0.999137
0.998884
0.952381
0.998539
0.616842
0.946387
0.242658
0.999069
0.999229
0.980962
0.999192
0.998922
0.998025
0.998135
0.913985
0.998816
0.998143
0.92
0.999091
0.995529
0.998966
0.999202
0.999014
0.99906
0.997897
0.998803
0.946193
0.991826
0.0294118
0.635588
0.152039
0.998621
0.998378
0.99868
0.998918
0.979502
0.998861
0.995567
0.998844
0.992801
0.967049
0.779388
0.998635
0.185253
0.810395
0.999204
0.988366
0.998881
0.975457
0.172185
0.99865
0.998873
0.912836
0.545582
0.98835
0.981818
0.989637
0.481836
0.805506
0.992382
0.291667
0.982251
0.99778
0.998024
0.994561
0.999147
0.581801
0.99912
0.999113
0.986994
0.999275
0.998862
0.999014
0.998372
0.919459
0.862676
0.991485
0.998851
0.999135
0.99907
0.998822
0.996241
0.83216
0.998372
0.871655
0.99803
0.998473
0.999149
0.999293
0.99883
0.998728
0.979025
0.998391
0.940803
0.998681
0.876161
0.322558
0.190184
0.998767
0.998938
0.396893
0.970267
0.285506
0.917867
0.99908
0
0.999076
0.846698
0.999143
0.996185
0.998833
0.998609
0.998462
0.999309
0.999384
0.984032
0.942377
0.999126
0.991847
0.810848
0.998753
0.754087
0.385947
0.94317
0.998173
0.9972
0.977231
0.998467
0.999069
0.999086
0.999125
0.826686
0.99899
0.800268
0.998521
0.999105
0.999189
0.970399
0.347524
0.999145
0.998934
0.999399
0.998889
0.99911
0.999026
0.982973
0.819672
0.113356
0.998928
0.890789
0.936836
0.573196
0.999329
0.998907
0.596834
0.876972
0.998497
0.943465
0.991605
0.999048
0.979579
0.99911
0.999002
0.943148
0.964543
0.997157
0.650155
0.933001
0.998999
0.992849
0.998869
0.349949
0.998887
0.999089
0.998917
0.89658
0.99095
0.539934
0.997965
0.999061
0.76
0.99665
0.998483
0.998533
0.999025
0.989045
0.998985
0.999003
0.958974
0.999105
0.51951
0.845794
0.999025
0.999068
0.943623
0.999305
0.998064
0.999012
0.999068
0.990553
0.999001
0.998911
0.948677
0.998894
0.999116
0.998956
0.998513
0.584343
0.998945
0.999206
0.868787
0.827789
0.939628
0.683413
0.625984
0.999216
0.999023
0.998839
0.998535
0.998582
0.998925
0.998894
0.428246
0.9988
0.997457
0.595285
0.996201
0.998973
0.999107
0.999511
0.999147
0.583748
0.999055
0.967636
0.975768
0.502853
0.998565
0.998259
0.683657
0.986318
0.99006
0.998876
0.884226
0.97973
0.9988
0.882058
0.999001
0.999216
0.996583
0.985516
0.963077
0.999403
0.990005
0.998641
0.687391
0.999142
0.998969
0.99883
0.998534
0.999071
0.999414
0.998875
0.999088
0.99873
0.977509
0.999089
0.998932
0.999031
0.998923
0.998757
0.849519
0.99739
0.955693
0.998822
0.998745
0.999
0.966777
0.920995
0.999213
0.396768
0.999028
0.998974
0.999091
0.355654
0.675882
0.999042
0.820806
0.992981
0.999326
0.990148
0.998359
0.974988
0.963303
0.997328
0.998682
0.465704
0.995039
0.994681
0.998978
0.998986
0.999112
0.977226
0.998596
0.998979
0.999143
0.996925
0.413695
0.791952
0.955393
0.998957
0.868889
0.191532
0.520351
0.998948
0.961324
0.230263
0.998244
0.999088
0.535019
0.639098
0.932749
0.335821
0.992518
0.936726
0.999252
0.999298
0.960659
0.999275
0.99563
0.134048
0.998875
0.999113
0.998537
0.578402
0.351613
0.958607
0.999121
0.983134
0.97195
0.999419
0.998766
0.997868
0.966539
0.999205
0.393032
0.99919
0.998986
0.949559
0.346491
0.99911
0.999116
0.998907
0.999246
0.997258
0.999073
0.998467
0.99916
0.990455
0.999008
0.999049
0.998706
0.999026
0.999118
0.980588
0.681818
0.747545
0.998662
0.470476
0.908602
0.998941
0.55803
0.998941
0.759347
0.997421
0.998852
0.892769
0.493805
0.998366
0.253012
0.999102
0.998946
0.993294
0.0597015
0.998372
0.864652
0.986904
0.903101
0.998943
0.991453
0.407344
0.978516
0.999088
0.998714
0.986759
0.998969
0.999267
0.690909
0.999196
0.999173
0.97561
0.786305
0.999124
0.856683
0.993289
0.996917
0.998927
0.998864
0.999209
0.999134
0.999
0.970588
0.998876
0.781292
0.998206
0.90676
0.999061
0.999203
0.999004
0.998739
0.0403226
0.999265
0.393963
0.99848
0.998986
0.998037
0.999369
0.999049
0.998152
0.998273
0.997187
0.999192
0.99906
0.998726
0.999136
0.986194
0.998303
0.998921
0.997354
0.99493
0.998986
0.999218
0.999038
0.997138
0.999092
0.999137
0.997179
0.999076
0.424658
0.977401
0.999122
0.99927
0.999244
0.998957
0.995776
0.99907
0.999117
0.970122
0.992814
0.994461
0.790036
0.999059
0.998534
0.999184
0.999138
0.683544
0.0217077
0.969989
0.987124
0.999076
0.996627
0.998384
0.858177
0.999412
0.538103
0.6
0.991561
0.999291
0.700418
0.998605
0.999189
0.998877
0.962963
0.974314
0.998637
0.914647
0.774691
0.980626
0.915888
0.998933
0.975108
0.989796
0.999139
0.998803
0.963839
0.1851
0.997737
0.998895
0.998978
0.997098
0.999259
0.619814
0.997934
0.998897
0.999038
0.999228
0.999069
0.997954
0.651563
0.999182
0.99888
0.998604
0.933526
0.519886
0.99916
0.998983
0.999209
0.996855
0.998976
0.998854
0.998254
0.998546
0.989522
0.997508
0.999318
0.99898
0.999092
0.975803
0.975155
0.567944
0.980317
0.818396
0.991457
0.999225
0.836032
0.990913
0.933792
0.997692
0.987117
0.999347
0.999111
0.965087
0.998606
0.978272
0.867763
0.998416
0.999117
0.994371
0.998928
0.999055
0.999038
0.998818
0.998862
0.999079
0.562286
0.999189
0.999293
0.875332
0.832512
0.89907
0.998614
0.924319
0.997002
0.998977
0.999252
0.998529
0.977088
0.397874
0.04
0.954257
0.851548
0.998995
0.498728
0.861013
0.998844
0.999123
0.998831
0.848601
0.831373
0.999117
0.99915
0.953249
0.0381791
0.999149
0.99879
0.959922
0.99884
0.999212
0.996614
0.999083
0.34153
0.698413
0.997363
0.997549
0.293142
0.998998
0.999243
0.999183
0.965291
0.999319
0.998962
0.884902
0.999044
0.88232
0.900869
0.99925
0.999218
0.999061
0.804401
0.998633
0.998626
0.611779
0.999148
0.998343
0.998755
0.996534
0.992361
0.75
0.999223
0.998971
0.999194
0.985294
0.999153
0.999054
0.999035
0.999017
0.999118
0.955773
0.998945
0.995466
0.997048
0.998989
0.288462
0.152055
0.872975
0.997274
0.998974
0.933462
0.999054
0.99608
0.567686
0.9986
0.0931721
0.459591
0.997835
0.999219
0.999357
0.999447
0.9989
0.950764
0.826005
0.970009
0.999108
0.998475
0.816316
0.646572
0.414716
0.999102
0.609756
0.998741
0.00609756
0.194286
0.998854
0.996521
0.999186
0.963054
0.998854
0.989547
0.998942
0.834437
0.999014
0.996397
0.903592
0.998385
0.998139
0.999279
0.998934
0.70564
0.998773
0.998386
0.998973
0.998338
0.997337
0.99884
0.608696
0.999205
0.998812
0.902087
0.997204
0.999125
0.740189
0.996777
0.998973
0.999302
0.999238
0.864609
0.996876
0.998531
0.998951
0.999026
0.79443
0.5
0.782414
0.759777
0.815348
0.999068
0.998398
0.998462
0.233806
0.99672
0.998681
0.710963
0.998454
0.998575
0.999191
0.974545
0.582857
0.998618
0.999207
0.729805
0.999319
0.998669
0.99863
0.999141
0.727006
0.615385
0.998402
0.998216
0.998615
0.525641
0.999159
0.819048
0.995593
0.948174
0.855596
0.62484
0.753652
0.999015
0.998724
0.99776
0.999142
0.997811
0.958406
0.998023
0.999359
0.998498
0.961518
0.18896
0.998771
0.999089
0.99907
0.939381
0.998966
0.491909
0.998589
0.99896
0.869757
0.996426
0.985287
0.133333
0.618265
0.998672
0.998511
0.997178
0.999036
0.999144
0.997951
0.996257
0.352941
0.998243
0.440433
0.315976
0.999146
0.999041
0.999215
0.999192
0.946667
0.982599
0.999198
0.97541
0.999274
0.99636
0.999152
0.884615
0.998835
0.988806
0.904795
0.999134
0.998971
0.998275
0.999019
0.998547
0.999101
0.999139
0.999121
0.616915
0.575587
0.443311
0.989147
0.999247
0.998784
0.933243
0.996331
0.998605
0.984922
0.829545
0.815296
0.998864
0.963186
0.852995
0.687609
0.709898
0.866597
0.986644
0.998837
0.998922
0.998526
0.998954
0.999236
0.99889
0.998963
0.930108
0.998841
0.999452
0.997028
0.99908
0.999069
0.999246
0.832432
0.786535
0.699161
0.452763
0.863535
0.999047
0.860294
0.996572
0.998711
0.999105
0.995376
0.998795
0.999205
0.999156
0.99891
0.998571
0.998548
0.99912
0.99908
0.998118
0.999413
0.999225
0.995076
0.99898
0.431496
0.998524
0.99909
0.950461
0.998959
0.999375
0.998962
0.983333
0.996281
0.883693
0.999474
0.998571
0.992816
0.999234
0.999125
0.899299
0.998549
0.998873
0.999255
0.397059
0.890909
0.999381
0.999036
0.612903
0.949183
0.9991
0.998965
0.815068
0.989833
0.276402
0.912756
0.515588
0.654181
0.998852
0.998701
0.99907
0.998663
0.983292
0.653968
0.99911
0.99797
0.99654
0.998039
0.998356
0.7
0.791165
0.99903
0.999156
0.996118
0.999082
0.998062
0.997693
0.130567
0.997199
0.999121
0.444551
0.921429
0.998904
0.996283
0.994962
0.997377
0.996201
0.989331
0.999177
0.9991
0.398872
0.988057
0.9375
0.943443
0.999151
0.953216
0.284574
0.999173
0.998301
0.999186
0.999067
0.882249
0.982897
0.998973
0.997833
0.999118
0.941176
0.998601
0.998181
0.79543
0.976725
0.920732
0.625123
0.999167
0.998183
0.998997
0.999023
0.998256
0.999026
0.999155
0.99912
0.999034
0.999122
0.999033
0.750288
0.325953
0.97416
0.99756
0.999396
0.137206
0.996797
0.999228
0.987826
0.532758
0.997152
0.999228
0.99908
0.998362
0.994792
0.999055
0.999083
0.998967
0.809058
0.791045
0.898734
0.999254
0.999052
0.101587
0.998966
0.972661
0.418919
0.999119
0.419335
0.999278
0.998678
0.999019
0.999163
0.998698
0.859048
0.978571
0.999009
0.997463
0.999175
0.999177
0.998462
0.998875
0.998836
0.93936
0.99754
0.9991
0.998906
0.999124
0.969747
0.975276
0.999236
0.962046
0.999328
0.837996
0.974684
0.999005
0.99589
0.980583
0.999129
0.973491
0.999039
0.999187
0.999057
0.99931
0.396648
0.998988
0.37785
0.990726
0.999146
0.999201
0.36896
0.999093
0.997677
0.999191
0.981618
0.998625
0.470678
0.998181
0.999339
0.913685
0.998928
0.998469
0.999152
0.911605
0.940182
0.780738
0.997985
0.999097
0.341798
0.998998
0.999356
0.999155
0.745675
0.991388
0.88
0.998531
0.823529
0.999133
0.998724
0.999115
0.999117
0.996092
0.99033
0.993357
0.195513
0.954625
0.987475
0.99895
0.998781
0.971746
0.998631
0.998916
0.688568
0.998816
0.839248
0.985262
0.999146
0.999243
0.998721
0.998779
0.137562
0.999235
0.824356
0.99891
0.999224
0.99929
0.99912
0.999419
0.999227
0.990329
0.999266
0.999285
0.39899
0.991573
0.821908
0.999119
0.991441
0.999159
0.604954
0.998005
0.998406
0.946085
0.784777
0.999004
0.985051
0.998987
0.998227
0.639296
0.999213
0.998792
0.998481
0.998846
0.999309
0.930348
0.99841
0.998964
0.99919
0.7182
0.528412
0.864532
0.998847
0.991884
0.999095
0.981322
0.622715
0.99637
0.999186
0.999331
0.998706
0.698289
0.942238
0.999094
0.999018
0.999234
0.999062
0.842264
0.999104
0.998731
0.999097
0.9987
0.240741
0.997835
0.995157
0.999117
0.998632
0.999023
0.993413
0.873158
0.95614
0.999201
0.925253
0.846959
0.998442
0.999097
0.999398
0.976
0.864571
0.999089
0.461929
0.998985
0.998887
0.999128
0.973077
0.664234
0.998756
0.984592
0.998972
0.514664
0.999251
0.519697
0.999123
0.953016
0.998527
0.999145
0.994953
0.888525
0.999197
0.437073
0.998969
0.445274
0.998544
0.998676
0.998936
0.998935
0.987443
0.999153
0.997993
0.999215
0.992013
0.999195
0.617712
0.99792
0.999099
0.999168
0.329763
0.999352
0.999364
0.952827
0.849099
0.630769
0.96338
0.910696
0.997742
0.85397
0.99921
0.999101
0.998641
0.999188
0.998798
0.99909
0.85875
0.998907
0.999132
0.49319
0.981509
0.991232
0.334697
0.999244
0.902376
0.999028
0.999308
0.998539
0.998589
0.998974
0.991466
0.999376
0.0477941
0.999246
0.045274
0.936108
0.998221
0.999218
0.998463
0.999185
0.644711
0.999294
0.739859
0.97561
0.902033
0.732036
0.998787
0.992409
0.99861
0.765133
0.99908
0.998729
0.999091
0.998943
0.998802
0.71547
0.990336
0.982622
0.464223
0.761628
0.890467
0.998247
0.949153
0.998655
0.999195
0.998488
0.997945
0.999158
0.998995
0.999014
0.999153
0.371859
0.813483
0.999087
0.999161
0.999278
0.996579
0.998661
0.999344
0.999111
0.963824
0.998985
0.994222
0.971003
0.638608
0.893487
0.998712
0.999168
0.431262
0.999145
0.998471
0.989011
0.96855
0.993636
0.91954
0.194836
0.986679
0.999154
0.535519
0.62963
0.998939
0.990335
0.99927
0.998904
0.999193
0.998522
0.999119
0.89013
0.994342
0.9994
0.999169
0.997501
0.987285
0.931548
0.962447
0.999242
0.848595
0.999172
0.999407
0.999252
0.790393
0.924152
0.985437
0.986726
0.92297
0.242259
0.963647
0.99828
0.999189
0.998322
0.997159
0.999015
0.998958
0.589942
0.957143
0.842857
0.93134
0.99931
0.998614
0.999204
0.999171
0.999093
0.949132
0.999114
0.557432
0.509091
0.998857
0.999239
0.596014
0.835427
0.999178
0.9
0.999149
0.899669
0.999173
0.999206
0.999259
0.999019
0.998174
0.943049
0.998934
0.99933
0.847348
0.999071
0.527337
0.758572
0.999001
0.99764
0.999127
0.99944
0.99936
0.915124
0.999146
0.999049
0.999081
0.919935
0.35274
0.996919
0.997919
0.972141
0.965619
0.999225
0.999302
0.998985
0.980501
0.99908
0.999038
0.999113
0.511898
0.999256
0.996555
0.999066
0.636257
0.999155
0.740639
0.999108
0.801084
0.951569
0.905067
0.998879
0.999071
0.999221
0.604911
0.999235
0.999106
0.999102
0.998688
0.969448
0.998661
0.998959
0.942408
0.996997
0.803876
0.999133
0.998974
0.997713
0.997414
0.40547
0.999242
0.999369
0.931004
0.961642
0.558294
0.998982
0.990632
0.99926
0.997876
0.999239
0.999216
0.998555
0.998972
0.999168
0.99556
0.377789
0.965967
0.8517
0.49171
0.941704
0.999138
0.999432
0.0891043
0.997012
0.999116
0.74657
0.998855
0.998116
0.895338
0.999077
0.999083
0.975802
0.999223
0.985066
0.969368
0.824742
0.672524
0.954733
0.998791
0.460199
0.992543
0.986416
0.998236
0.999321
0.999116
0.943274
0.994327
0.999204
0.808235
0.998359
0.999141
0.99143
0.996149
0.999236
0.999138
0.999169
0.998728
0.998209
0.947761
0.924612
0.999194
0.998669
0.999112
0.999061
0.949096
0.998951
0.99858
0.385928
0.999197
0.99923
0.999125
0.0410959
0.341686
0.977737
0.99899
0.443775
0.879781
0.913613
0.999138
0.890698
0.998077
0.999165
0.99909
0.97832
0.999069
0.998912
0.987342
0.640456
0.608541
0.991975
0.96934
0.737288
0.998528
0.977861
0.990456
0.99917
0.998789
0.999165
0.999396
0.999222
0.979912
0.879747
0.998736
0.940982
0.997991
0.999169
0.998319
0.999057
0.589158
0.999107
0.970136
0.987069
0.965404
0.668874
0.998929
0.994258
0.296578
0.998138
0.9993
0.998614
0.99915
0.989899
0.627907
0.987238
0.993893
0.638554
0.997339
0.999125
0.999134
0.962312
0.579749
0.99861
0.999177
0.290172
0.928345
0.997907
0.563469
0.978427
0.980682
0.975309
0.9941
0.817481
0.999068
0.999186
0.995285
0.825858
0.924866
0.999316
0.999235
0.999165
0.99947
0.951936
0.998984
0.999258
0.998432
0.271543
0.999149
0.999207
0.882353
0.999246
0.999363
0.998749
0.875217
0.995056
0.999131
0.993808
0.999065
0.998829
0.998541
0.828066
0.999162
0.999194
0.844093
0.999226
0.999299
0.666667
0.999124
0.896832
0.999136
0.590422
0.999088
0.998971
0.552511
0.998547
0.999316
0.999304
0.999377
0.998532
0.998924
0.991051
0.999162
0.992311
0.998259
0.998963
0.988889
0.999028
0.999419
0.999068
0.536313
0.999172
0.999189
0.998195
0.997767
0.12656
0.999055
0.998905
0.953432
0.355705
0.38993
0.999322
0.303413
0.901829
0.999368
0.857423
0.929096
0.999207
0.991018
0.619647
0.999183
0.996905
0.999022
0.766078
0.975845
0.942909
0.999166
0.956633
0.56044
0.710185
0.998534
0.95806
0.999133
0.998778
0.998811
0.998958
0.994229
0.997137
0.967742
0.999189
0.99913
0.274688
0.991024
0.969275
0.998563
0.999249
0.995721
0.999181
0.240409
0.999091
0.975062
0.931751
0.935933
0.999307
0.999281
0.978148
0.965299
0.945355
0.998942
0.916534
0.998752
0.999284
0.999315
0.834969
0.920182
0.999209
0.983529
0.757642
0.998423
0.985552
0.998684
0.983186
0.996591
0.999117
0.995821
0.94682
0.999404
0.998655
0.998097
0.999204
0.37757
0.925439
0.999096
0.999157
0.999128
0.719144
0.974737
0.674775
0.909265
0.999019
0.735674
0.999167
0.322174
0.976799
0.792605
0.998681
0.997717
0.999145
0.999105
0.996609
0.998862
0.998687
0.999132
0.945148
0.998327
0.995389
0.993352
0.544186
0.999097
0.999136
0.999148
0.998951
0.99829
0.979787
0.999168
0.998792
0.999228
0.999265
0.996594
0.999153
0.99929
0.874938
0.999149
0.997543
0.998352
0.999209
0.800902
0.960356
0.391553
0.948817
0.595404
0.70651
0.998119
0.87234
0.999278
0.824324
0.999095
0.998929
0.999056
0.245283
0.999005
0.927273
0.765562
0.995908
0.99922
0.994824
0.998755
0.996673
0.998677
0.961797
0.795844
0.89255
0.9991
0.999157
0.993988
0.61465
0.999221
0.998578
0.160209
0.968397
0.982059
0.998563
0.9925
0.987662
0.908356
0.864368
0.998549
0.997835
0.994118
0.644828
0.999227
0.999146
0.871658
0.99916
0.49115
0.998844
0.862183
0.86888
0.99868
0.66055
0.912429
0.998655
0.981703
0.995975
0.999132
0.999087
0.999162
0.998487
0.998948
0.440476
0.732091
0.991554
0.999197
0.998858
0.998686
0.697492
0.5
0.87067
0.999127
0.999297
0.745763
0.998729
0.999076
0.99637
0.999052
0.997172
0.944347
0.998863
0.443971
0.544715
0.999113
0.998751
0.999219
0.984805
0.96067
0.998881
0.99923
0.999362
0.943709
0.999415
0.679966
0.820215
0.657787
0.999285
0.990796
0.506799
0.999302
0.999197
0.99908
0.932426
0.81348
0.998749
0.998201
0.99913
0.999209
0.995618
0.999099
0.999193
0.999097
0.998062
0.999082
0.999065
0.991474
0.584967
0.999177
0.999297
0.0748899
0.998882
0.999197
0.999404
0.998853
0.804878
0.998269
0.999305
0.999151
0.999411
0.993473
0.996876
0.999197
0.999208
0.99921
0.985051
0.638631
0.999123
0.999251
0.998442
0.998915
0.999019
0.998683
0.999138
0.99802
0.999199
0.998534
0.998831
0.998929
0.998533
0.966607
0.998849
0.999173
0.999136
0.998908
0.999213
0.999161
0.998768
0.999074
0.99927
0.998349
0.861689
0.999079
0.999049
0.998612
0.999158
0.932039
0.611983
0.427116
0.987349
0.985871
0.999007
0.999273
0.416667
0.992718
0.999129
0.998682
0.999171
0.999034
0.964835
0.998223
0.999315
0.999132
0.999238
0.6662
0.875951
0.987409
0.998818
0.99908
0.998643
0.99563
0.814815
0.998826
0.99338
0.999135
0.44898
0.995806
0.998682
0.997828
0.942014
0.445884
0.999156
0.996874
0.999399
0.99683
0.999149
0.998822
0.8957
0.996081
0.99839
0.996956
0.93076
0.991356
0.696904
0.992553
0.521206
0.998307
0.252006
0.999251
0.999108
0.999142
0.9988
0.999345
0.997264
0.998986
0.999143
0.890297
0.999201
0.999174
0.998872
0.974582
0.998686
0.916981
0.999188
0.999005
0.560127
0.998151
0.998816
0.999118
0.198925
0.999171
0.999338
0.887279
0.998407
0.998502
0.983549
0.998899
0.790896
0.911427
0.998972
0.998684
0.998466
0.965221
0.925479
0.999146
0.0714286
0.999143
0.96371
0.999258
0.999143
0.999002
0.953101
0.998983
0.999142
0.99882
0.999126
0.998907
0.999103
0.977024
0.99882
0.994924
0.999232
0.998847
0.997211
0.999197
0.999011
0.998853
0.997427
0.52
0.998603
0.98759
0.998027
0.999435
0.998844
0.995177
0.740553
0.998678
0.998569
0.999334
0.915758
0.570248
0.975287
0.997702
0.998938
0.999111
0.993443
0.999214
0.999254
0.962642
0.99876
0.41457
0.849716
0.7
0.996735
0.99499
0.964253
0.994309
0.924413
0.998197
0.983826
0.506297
0.997645
0.999301
0.9992
0.999228
0.999048
0.0400552
0.998524
0.988108
0.998737
0.607314
0.99436
0.844521
0.966989
0.999267
0.999362
0.575
0.997845
0.998109
0.999173
0.998594
0.999282
0.976824
0.955357
0.999161
0.764588
0.998023
0.998675
0.997931
0.205164
0.953827
0.999163
0.901905
0.99842
0.998773
0.105943
0.656
0.999286
0.894737
0.99912
0.337531
0.998886
0.976836
0.956989
0.998984
0.743802
0.909133
0.992521
0.908767
0.996845
0.999376
0.999173
0.999224
0.999314
0.999049
0.996994
0.996988
0.999194
0.962182
0.942675
0.999111
0.601175
0.447831
0.993893
0.996176
0.998863
0.363931
0.892319
0.99903
0.998979
0.999326
0.416
0.975514
0.0123967
0.255319
0.99935
0.998958
0.998928
0.921569
0.358079
0.997942
0.999083
0.616596
0.993533
0.983193
0.999001
0.998577
0.88
0.999186
0.983211
0.999081
0.996228
0.999236
0.969697
0.999563
0.998839
0.999304
0.999222
0.999061
0.995738
0.788462
0.980425
0.999452
0.859574
0.999228
0.999308
0.407193
0.999206
0.998975
0.991434
0.997933
0.945269
0.665179
0.999193
0.999146
0.999153
0.999083
0.998721
0.49162
0.925088
0.999251
0.999338
0.961033
0.946188
0.999157
0.961832
0.915428
0.941401
0.996648
0.999275
0.999167
0.999022
0.948081
0.450461
0.999207
0.998364
0.93698
0.884232
0.999114
0.721631
0.999157
0.987013
0.999334
0.998309
0.909962
0.997607
0.999132
0.999333
0.7793
0.984112
0.972424
0.999327
0.237794
0.998628
0.997977
0.998928
0.998646
0.9941
0.978549
0.98104
0.998005
0.913194
0.976715
0.983381
0.998285
0.999037
0.934222
0.999184
0.995313
0.999236
0.99929
0.885162
0.38438
0.998729
0.999039
0.501157
0.998894
0.998354
0.99918
0.999154
0.943354
0.998635
0.463398
0.999235
0.999375
0.321709
0.998481
0.939609
0.99928
0.37037
0.426829
0.998842
0.996482
0.999246
0.99933
0.999236
0.997469
0.999135
0.969697
0.997115
0.250614
0.360505
0.299944
0.999185
0.998259
0.999153
0.999044
0.799505
0.998999
0.989311
0.999094
0.993342
0.992999
0.998852
0.200828
0.998656
0.997866
0.288514
0.999028
0.991501
0.998296
0.610289
0.998689
0.9992
0.990673
0.998813
0.998565
0.820156
0.998741
0.999167
0.631496
0.997344
0.999301
0.999436
0.958372
0.903685
0.996749
0.998771
0.997401
0.999061
0.999165
0.999225
0.996697
0.963456
0.999352
0.999254
0.998837
0.999362
0.999028
0.888753
0.996768
0.991761
0.999178
0.999062
0.998559
0.70276
0.998903
0.972056
0.976153
0.998791
0.597738
0.99928
0.999355
0.999283
0.998922
0.99275
0.99811
0.998981
0.999248
0.999299
0.988035
0.915722
0.998813
0.864217
0.959854
0.99459
0.999392
0.962831
0.999216
0.916667
0.998424
0.844336
0.955876
0.999263
0.995256
0.999169
0.729143
0.998066
0.942524
0.999326
0.997425
0.97704
0.803797
0.998596
0.999148
0.999239
0.19226
0.999228
0.984478
0.944737
0.999193
0.999267
0.445521
0.997218
0.999286
0.905983
0.935495
0.994975
0.999362
0.999231
0.868832
0.936317
0.764888
0.863014
0.692004
0.999103
0.902597
0.998539
0.996948
0.924051
0.454545
0.134134
0.9834
0.999268
0.999235
0.912612
0.999122
0.944644
0.999243
0.999281
0.516297
0.539378
0.99122
0.998727
0.999224
0.999016
0.999082
0.998808
0.979665
0.999158
0.971292
0.998277
0.438776
0.534759
0.998993
0.95382
0.999291
0.920324
0.941176
0.998849
0.992481
0.99924
0.999067
0.999261
0.999238
0.998923
0.980392
0.998967
0.999219
0.758621
0.999096
0.99929
0.999085
0.992801
0.999359
0.488
0.999476
0.966581
0.999039
0.99914
0.997901
0.13746
0.98371
0.993075
0.52148
0.776
0.835659
0.999207
0.0841772
0.999086
0.998758
0.999304
0.498419
0.999254
0.9563
0.790835
0.998769
0.998867
0.974889
0.969748
0.998589
0.998102
0.968553
0.67639
0.996329
0.999158
0.999296
0.759259
0.999013
0.99857
0.997201
0.984177
0.881002
0.999027
0.999124
0.999295
0.998697
0.555294
0.999224
0.999016
0.999073
0.999411
0.993429
0.999316
0.998972
0.998445
0.58023
0.998782
0.903363
0.828224
0.998839
0.998972
0.999425
0.990346
0.952062
0.999353
0.861386
0.999004
0.988064
0.999122
0.900515
0.949943
0.544726
0.998168
0.998319
0.999021
0.822581
0.928977
0.5
0.999402
0.170576
0.995685
0.999176
0.999233
0.958904
0.999235
0.989627
0.994313
0.664087
0.864734
0.998413
0.544503
0.987584
0.999128
0.999218
0.999218
0.998885
0.990964
0.999117
0.997799
0.999324
0.736393
0.9991
0.969797
0.96559
0.986688
0.924718
0.667042
0.999209
0.94386
0.980825
0.999338
0.686747
0.606299
0.998355
0.998706
0.999193
0.99917
0.865693
0.999219
0.999162
0.931462
0.99928
0.946191
0.997424
0.972562
0.998758
0.998806
0.998388
0.999271
0.695122
0.789855
0.779197
0.804298
0.808788
0.977333
0.998764
0.925954
0.848921
0.999139
0.705828
0.33066
0.956185
0.296393
0.999243
0.999294
0.999106
0.999244
0.999109
0.993946
0.997046
0.999132
0.99923
0.688516
0.999139
0.997132
0.998959
0.991947
0.878723
0.812779
0.999291
0.147436
0.776294
0.999276
0.220287
0.998941
0.999074
0.998875
0.407895
0.947368
0.693208
0.999083
0.999258
0.999279
0.993517
0.999222
0.999143
0.999167
0.983864
0.994962
0.998887
0.997472
0.972682
0.873646
0.876806
0.99899
0.999303
0.848253
0.998914
0.999242
0.999537
0.993988
0.990761
0.571429
0.999179
0.999301
0.34336
0.99847
0.999303
0.991715
0.387402
0.992197
0.999258
0.808732
0.00886263
0.697372
0.378512
0.999321
0.997523
0.999462
0.998932
0.958524
0.999423
0.999439
0.998782
0.888322
0.32699
0.998776
0.999439
0.676829
0.213333
0.134316
0.860726
0.923748
0.979047
0.999422
0.751838
0.99935
0.585567
0.611684
0.999264
0.999056
0.0600112
0.52069
0.992891
0.998932
0.991448
0.99778
0.714552
0.998893
0.999271
0.33697
0.999215
0.998852
0.990895
0.944468
0.884615
0.99932
0.656827
0.991002
0.9992
0.990615
0.999394
0.966361
0.285816
0.988815
0.989344
0.967062
0.998804
0.998659
0.999277
0.998993
0.999492
0.958955
0.999341
0.999355
0.945055
0.999235
0.867234
0.988158
0.999249
0.999133
0.99787
0.961157
0.999291
0.998986
0.627451
0.574744
0.554422
0.999204
0.899329
0.992285
0.99876
0.994178
0.868887
0.998858
0.99923
0.991588
0.999077
0.999252
0.999477
0.999139
0.998939
0.929312
0.589744
0.999008
0.999194
0.998008
0.991169
0.928945
0.943299
0.999052
0.998089
0.999207
0.528616
0.998371
0.569195
0.999246
0.999318
0.999461
0.99926
0.992453
0.973894
0.999052
0.999119
0.999253
0.999181
0.928751
0.987736
0.999351
0.481132
0.999302
0.95378
0.878788
0.975968
0.999271
0.997067
0.999305
0.999218
0.998875
0.999104
0.883029
0.923767
0.99926
0.999307
0.993577
0.999199
0.999299
0.999224
0.997955
0.997567
0.272537
0.999358
0.914187
0.998865
0.998833
0.812668
0.878683
0.13508
0.998833
0.999295
0.999278
0.833449
0.998664
0.999192
0.999239
0.987391
0.927919
0.675883
0.999182
0.999208
0.772074
0.996872
0.940535
0.999478
0.608945
0.882916
0.999204
0.999326
0.96211
0.999218
0.98517
0.999348
0.999248
0.925563
0.99902
0.999362
0.97948
0.999343
0.999262
0.999335
0.692012
0.999251
0.998955
0.97797
0.999215
0.998007
0.82638
0.860268
0.999142
0.999246
0.998827
0.998759
0.998983
0.999063
0.999306
0.999181
0.598999
0.998873
0.619482
0.99899
0.999234
0.998746
0.555844
0.998657
0.999183
0.999165
0.745711
0.992238
0.99953
0.999262
0.999341
0.999579
0.959505
0.933704
0.998413
0.98396
0.999156
0.997692
0.999298
0.783298
0.535714
0.996833
0.748148
0.99896
0.999142
0.999233
0.866221
0.999296
0.961963
0.316038
0.999201
0.718232
0.999314
0.997987
0.999379
0.936803
0.8138
0.411034
0.999206
0.988746
0.998022
0.986826
0.997657
0.999195
0.998615
0.991957
0.909022
0.939448
0.943609
0.998968
0.999063
0.999189
0.998825
0.890817
0.237624
0.999315
0.998338
0.34375
0.999247
0.999035
0.647276
0.964546
0.998957
0.749436
0.468268
0.812627
0.856211
0.999253
0.980224
0.998218
0.998248
0.982589
0.999102
0.977093
0.740566
0.999204
0.999212
0.999364
0.503518
0.885329
0.994089
0.998703
0.999155
0.999274
0.894387
0.998578
0.999271
0.998844
0.84989
0.998938
0.635338
0.998938
0.974737
0.110169
0.980851
0.515424
0.99932
0.999257
0.999245
0.999288
0.99861
0.995081
0.555556
0.999275
0.999428
0.5888
0.999239
0.998877
0.999062
0.969502
0.572217
0.451232
0.985473
0.7251
0.999328
0.99927
0.999227
0.996571
0.68861
0.998423
0.788991
0.99524
0.999258
0.790514
0.998553
