Drop found: -3
0.445393 0.653387
0.863618 0.625547
0.793938 0.567235
0.664977 0.427603
0.348398 0.0791228
0.804334 0.188847
0.168126 0.238521
0.549131 0.816782





Drop found: -2
0.936622 0.963285
0.93235 0.30497
0.724583 0.131832
0.905724 0.587322
0.124487 0.619906
0.666352 0.611978






Drop found: -1
0.568447 0.0320182
0.061722 0.824295
0.439458 0.862184
0.165993 0.800303
0.997121 0.100399
0.804301 0.498434
0.136872 0.280289
0.526417 0.271812










Drop found: -1
0.205161 0.933858
0.68393 0.0793179
0.912435 0.720183
0.187732 0.070514
0.529329 0.892732
0.683983 0.387595
0.44925 0.781626

























Drop found: -2
0.704459 0.269327
0.41123 0.685544
0.936808 0.921545
0.742129 0.724485
0.964724 0.472593
0.439584 0.525128




