











Drop found: -1
0.418193 0.411615
0.0384944 0.0643353
0.177485 0.103781
0.816055 0.36829
0.573497 0.415448
0.66846 0.381536
0.695842 0.6688
0.433162 0.930856





























Drop found: -1
0.68317 0.882956
0.379201 0.178493
0.338323 0.889987
0.323868 0.825243
0.929721 0.714517
0.339204 0.824409

Drop found: -1
0.622403 0.844263
0.327064 0.336319
0.621453 0.347623
0.0963511 0.714371
0.642002 0.9097
0.755676 0.747673
0.204936 0.512287






Drop found: -1
0.412078 0.883412
0.717399 0.698573
0.474412 0.438469
0.72016 0.36503
0.63355 0.768899
0.856662 0.467503
0.760638 0.738525
0.739025 0.0431868
0.443273 0.96059


